Scan:      6            M31-E 2020-07-24 +13 26 36.5
          RADIO                  Ta    
        km/s-LSR                 I
   -1365.5837863072583787     -2.8914442
   -1361.6712057846962125     -2.9438529
   -1357.7586252621340464     -3.0160480
   -1353.8460447395718802     -3.0535405
   -1349.9334642170097140     -3.0880439
   -1346.0208836944475479     -3.2048855
   -1342.1083031718853817     -3.2215478
   -1338.1957226493898361     -3.0015543
   -1334.2831421268276699     -2.6448457
   -1330.3705616042655038     -2.3107238
   -1326.4579810817033376     -2.0484557
   -1322.5454005591413988     -1.8237910
   -1318.6328200365792327     -1.4989785
   -1314.7202395140170665     -1.2034285
   -1310.8076589915215209     -1.0012670
   -1306.8950784689593547     -0.8563396
   -1302.9824979463971886     -0.7061499
   -1299.0699174238350224     -0.5541687
   -1295.1573369012728563     -0.4244436
   -1291.2447563787106901     -0.3486564
   -1287.3321758561485240     -0.3093885
   -1283.4195953336529783     -0.2658040
   -1279.5070148110908121     -0.2350313
   -1275.5944342885286460     -0.2435078
   -1271.6818537659667072     -0.2375508
   -1267.7692732434045411     -0.2317074
   -1263.8566927208423749     -0.2242140
   -1259.9441121982802088     -0.2088759
   -1256.0315316757846631     -0.1894489
   -1252.1189511532224969     -0.1682178
   -1248.2063706306603308     -0.1481571
   -1244.2937901080981646     -0.1295707
   -1240.3812095855359985     -0.1103290
   -1236.4686290629738323     -0.0892262
   -1232.5560485404116662     -0.0718474
   -1228.6434680179161205     -0.0577800
   -1224.7308874953539544     -0.0485061
   -1220.8183069727920156     -0.0413986
   -1216.9057264502298494     -0.0365588
   -1212.9931459276679107     -0.0331076
   -1209.0805654051057445     -0.0311785
   -1205.1679848825435784     -0.0298401
   -1201.2554043600480327     -0.0291655
   -1197.3428238374858665     -0.0310580
   -1193.4302433149237004     -0.0315849
   -1189.5176627923615342     -0.0300464
   -1185.6050822697993681     -0.0304915
   -1181.6925017472372019     -0.0314380
   -1177.7799212246750358     -0.0322193
   -1173.8673407021794901     -0.0335948
   -1169.9547601796175513     -0.0349547
   -1166.0421796570553852     -0.0365180
   -1162.1295991344932190     -0.0381078
   -1158.2170186119310529     -0.0403665
   -1154.3044380893688867     -0.0418756
   -1150.3918575668067206     -0.0435794
   -1146.4792770443111749     -0.0439959
   -1142.5666965217490088     -0.0441889
   -1138.6541159991868426     -0.0443956
   -1134.7415354766246764     -0.0462067
   -1130.8289549540625103     -0.0459789
   -1126.9163744315003441     -0.0473632
   -1123.0037939089384054     -0.0473674
   -1119.0912133864426323     -0.0493566
   -1115.1786328638806935     -0.0496670
   -1111.2660523413185274     -0.0503609
   -1107.3534718187563612     -0.0501338
   -1103.4408912961941951     -0.0502941
   -1099.5283107736320289     -0.0499195
   -1095.6157302510698628     -0.0500609
   -1091.7031497285743171     -0.0500310
   -1087.7905692060121510     -0.0500139
   -1083.8779886834499848     -0.0499463
   -1079.9654081608878187     -0.0500406
   -1076.0528276383256525     -0.0482226
   -1072.1402471157637137     -0.0478836
   -1068.2276665932015476     -0.0468908
   -1064.3150860707060019     -0.0458161
   -1060.4025055481438358     -0.0445417
   -1056.4899250255816696     -0.0430598
   -1052.5773445030195035     -0.0411580
   -1048.6647639804573373     -0.0391219
   -1044.7521834578953985     -0.0377588
   -1040.8396029353332324     -0.0358652
   -1036.9270224128376867     -0.0346742
   -1033.0144418902755206     -0.0328288
   -1029.1018613677133544     -0.0315664
   -1025.1892808451511883     -0.0294643
   -1021.2767003225890221     -0.0280217
   -1017.3641198000268560     -0.0251767
   -1013.4515392774646898     -0.0229231
   -1009.5389587549691441     -0.0214824
   -1005.6263782324069780     -0.0201610
   -1001.7137977098449255     -0.0190602
    -997.8012171872827594     -0.0183398
    -993.8886366647205932     -0.0175984
    -989.9760561421585408     -0.0165424
    -986.0634756195963746     -0.0078604
    -982.1508950971007152      0.0043400
    -978.2383145745387765     -0.0085833
    -974.3257340519766103     -0.0238751
    -970.4131535294144442     -0.0334824
    -966.5005730068522780     -0.0495791
    -962.5879924842901119     -0.0723284
    -958.6754119617280594     -0.1028087
    -954.7628314392324000     -0.1295292
    -950.8502509166703476     -0.1455718
    -946.9376703941081814     -0.1489848
    -943.0250898715460153     -0.1486467
    -939.1125093489838491     -0.1451791
    -935.1999288264216830     -0.1480568
    -931.2873483039261373     -0.1607738
    -927.3747677813640848     -0.1844348
    -923.4621872588019187     -0.2158653
    -919.5496067363063730     -0.2616275
    -915.6370262137442069     -0.3364305
    -911.7244456911820407     -0.4517599
    -907.8118651686198746     -0.6009151
    -903.8992846460577084     -0.7673663
    -899.9867041234956559     -0.9352242
    -896.0741236010001103     -1.0620534
    -892.1615430784379441     -1.1655531
    -888.2489625558757780     -1.2882487
    -884.3363820333136118     -1.3729368
    -880.4238015107515594     -1.2495881
    -876.5112209881895069     -1.1152608
    -872.5986404656273407     -1.0290054
    -868.6860599431317951     -1.0113971
    -864.7734794205696289     -1.0850843
    -860.8608988980074628     -1.2205783
    -856.9483183754452966     -1.3956126
    -853.0357378528831305     -1.6530106
    -849.1231573303210780     -2.2952280
    -845.2105768077589119     -3.4570267
    -841.2979962852633662     -3.3299308
    -837.3854157627012000     -2.1159296
    -833.4728352401390339     -1.2263584
    -829.5602547175768677     -0.5168040
    -825.6476741950147016     -0.1989965
    -821.7350936724526491     -0.0792322
    -817.8225131498904830     -0.0310993
    -813.9099326273949373     -0.0110854
    -809.9973521048327711     -0.0021248
    -806.0847715822706050      0.0006614
    -802.1721910597084388      0.0033434
    -798.2596105371463864      0.0029640
    -794.3470300145843339      0.0050382
    -790.4344494920221678      0.0045033
    -786.5218689695265084      0.0050316
    -782.6092884469644559      0.0044155
    -778.6967079244022898      0.0040997
    -774.7841274018401236      0.0016963
    -770.8715468792780712      0.0027287
    -766.9589663567159050      0.0035801
    -763.0463858341537389      0.0041226
    -759.1338053116581932      0.0038803
    -755.2212247890960271      0.0031640
    -751.3086442665338609      0.0029216
    -747.3960637439718084      0.0025176
    -743.4834832214096423      0.0017077
    -739.5709026988474761      0.0013630
    -735.6583221762853100      0.0009336
    -731.7457416537897643     -0.0002787
    -727.8331611312275982     -0.0012028
    -723.9205806086654320     -0.0005929
    -720.0080000861033795     -0.0005706
    -716.0954195635412134     -0.0011032
    -712.1828390409790472     -0.0013367
    -708.2702585184169948     -0.0012308
    -704.3576779959213354     -0.0018151
    -700.4450974733591693     -0.0024213
    -696.5325169507971168     -0.0027186
    -692.6199364282350643     -0.0030569
    -688.7073559056728982     -0.0033308
    -684.7947753831107320     -0.0031685
    -680.8821948605485659     -0.0034229
    -676.9696143380530202     -0.0044318
    -673.0570338154908541     -0.0041210
    -669.1444532929288016     -0.0047236
    -665.2318727703666355     -0.0052308
    -661.3192922478044693     -0.0060923
    -657.4067117252423031     -0.0056204
    -653.4941312026801370     -0.0054802
    -649.5815506801845913     -0.0052759
    -645.6689701576224252     -0.0062217
    -641.7563896350603727     -0.0054632
    -637.8438091124982066     -0.0064189
    -633.9312285899360404     -0.0056958
    -630.0186480673738743     -0.0061350
    -626.1060675448117081     -0.0058945
    -622.1934870223161624     -0.0055792
    -618.2809064997541100     -0.0051528
    -614.3683259771919438     -0.0046006
    -610.4557454546298914     -0.0022236
    -606.5431649320677252      0.0014346
    -602.6305844095055591      0.0094363
    -598.7180038869435066      0.0247142
    -594.8054233644478472      0.0563887
    -590.8928428418857948      0.1192741
    -586.9802623193236286      0.2456932
    -583.0676817967614625      0.5020716
    -579.1551012741992963      0.9407796
    -575.2425207516371302      1.3563390
    -571.3299402290750777      1.7662442
    -567.4173597065794183      2.3754818
    -563.5047791840173659      3.3439655
    -559.5921986614551997      4.6429605
    -555.6796181388930336      5.8619103
    -551.7670376163308674      6.8659177
    -547.8544570937687013      7.6833019
    -543.9418765712066488      8.2469730
    -540.0292960487111031      8.5223122
    -536.1167155261489370      8.8688660
    -532.2041350035867708      9.1948557
    -528.2915544810246047      9.3721180
    -524.3789739584624385      9.6572695
    -520.4663934359003861      9.9762888
    -516.5538129133382199     10.2980566
    -512.6412323908426742     10.6136045
    -508.7286518682805649     10.7418804
    -504.8160713457183988     10.9902258
    -500.9034908231562326     11.5775480
    -496.9909103005941802     11.3314943
    -493.0783297780320140      9.9471769
    -489.1657492554699047      8.2827091
    -485.2531687329743022      7.1229839
    -481.3405882104121929      6.1673326
    -477.4280076878500267      5.0866256
    -473.5154271653544811      3.9490786
    -469.6028466427923149      3.0984125
    -465.6902661202302056      2.5480101
    -461.7776855976680395      2.1330495
    -457.8651050751059302      1.7218786
    -453.9525245525437640      1.3127848
    -450.0399440300482183      1.0131313
    -446.1273635074860522      0.8400322
    -442.2147829849239429      0.7391388
    -438.3022024623618336      0.6484470
    -434.3896219397996674      0.5878905
    -430.4770414172375581      0.5541813
    -426.5644608946753920      0.5279821
    -422.6518803721798463      0.5050852
    -418.7392998496176801      0.4767048
    -414.8267193270555708      0.4339578
    -410.9141388044934047      0.3834988
    -407.0015582819312954      0.3336005
    -403.0889777593691292      0.2872739
    -399.1763972368735836      0.2441103
    -395.2638167143114174      0.1986230
    -391.3512361917493081      0.1528103
    -387.4386556691871988      0.1146781
    -383.5260751466250326      0.0858620
    -379.6134946240629233      0.0635525
    -375.7009141015007572      0.0484378
    -371.7883335790052115      0.0347036
    -367.8757530564430454      0.0242694
    -363.9631725338809360      0.0162006
    -360.0505920113187699      0.0106114
    -356.1380114887566037      0.0063551
    -352.2254309661945513      0.0041807
    -348.3128504436323851      0.0020232
    -344.4002699211367826      0.0001303
    -340.4876893985746733     -0.0012139
    -336.5751088760125640     -0.0009653
    -332.6625283534503978     -0.0017943
    -328.7499478308882885     -0.0011662
    -324.8373673083261224     -0.0015051
    -320.9247867857639562     -0.0002850
    -317.0122062632684106     -0.0004068
    -313.0996257407063013      0.0013505
    -309.1870452181441351      0.0012739
    -305.2744646955819690      0.0020427
    -301.3618841730199165      0.0014511
    -297.4493036504577503      0.0011436
    -293.5367231278956410      0.0004098
    -289.6241426054000385      0.0008012
    -285.7115620828379292      0.0006703
    -281.7989815602757631      0.0015093
    -277.8864010377136537      0.0005176
    -273.9738205151514876      0.0021002
    -270.0612399925893214      0.0016032
    -266.1486594700272121      0.0026000
    -262.2360789475316665      0.0024184
    -258.3234984249695003      0.0021273
    -254.4109179024073910      0.0017934
    -250.4983373798452249      0.0017335
    -246.5857568572831156      0.0014115
    -242.6731763347209778      0.0019835
    -238.7605958121588401      0.0023308
    -234.8480152896632660      0.0021917
    -230.9354347671011283      0.0014996
    -227.0228542445389905      0.0016546
    -223.1102737219768528      0.0018472
    -219.1976931994147435      0.0011552
    -215.2851126768525774      0.0000786
    -211.3725321542904396     -0.0005799
    -207.4599516317948940     -0.0012665
    -203.5473711092327562     -0.0025494
    -199.6347905866705901     -0.0029213
    -195.7222100641084808     -0.0028946
    -191.8096295415463430     -0.0030551
    -187.8970490189842053     -0.0045051
    -183.9844684964220676     -0.0035491
    -180.0718879739264935     -0.0046805
    -176.1593074513643558     -0.0043988
    -172.2467269288022464     -0.0057966
    -168.3341464062400803     -0.0056822
    -164.4215658836779426     -0.0054933
    -160.5089853611158048     -0.0045474
    -156.5964048385536955     -0.0038612
    -152.6838243160580930     -0.0021121
    -148.7712437934959837     -0.0000535
    -144.8586632709338460      0.0022088
    -140.9460827483717082     -0.0011263
    -137.0335022258095421      0.0026351
    -133.1209217032474328      0.0179184
    -129.2083411806852951      0.0349318
    -125.2957606581897210      0.0576118
    -121.3831801356275975      0.0952892
    -117.4705996130654597      0.1484627
    -113.5580190905033220      0.2117710
    -109.6454385679411843      0.2642666
    -105.7328580453790465      0.2919567
    -101.8202775228169088      0.2990378
     -97.9076970003213347      0.2987221
     -93.9951164777592112      0.2965312
     -90.0825359551970593      0.3071176
     -86.1699554326349357      0.3412011
     -82.2573749100727980      0.3942702
     -78.3447943875106603      0.4650686
     -74.4322138649485225      0.5726247
     -70.5196333424529627      0.7544211
     -66.6070528198908107      1.0278871
     -62.6944722973286872      1.3794165
     -58.7818917747665495      1.7700204
     -54.8693112522044117      2.1649456
     -50.9567307296422740      2.4541163
     -47.0441502070801363      2.7309670
     -43.1315696845845693      3.0665934
     -39.2189891620224387      3.1789222
     -35.3064086394603009      2.7737665
     -31.3938281168981632      2.4737422
     -27.4812475943360255      2.2804377
     -23.5686670717738878      2.2993612
     -19.6560865492117536      2.5341315
     -15.7435060267161848      2.9161885
     -11.8309255041540489      3.4272482
      -7.9183449816584801      4.3258543
      -4.0057644590963433      7.1694241
      -0.0931839365342072     12.5461550
       3.8193965860279291      9.0757704
       7.7319771085900646      4.8942857
      11.6445576311189178      2.3187695
      15.5571381536810538      0.8831692
      19.4697186762431897      0.3467744
      23.3822991987720421      0.1530273
      27.2948797213341798      0.0757688
      31.2074602438963140      0.0433114
      35.1200407664584517      0.0292950
      39.0326212889873077      0.0245440
      42.9452018115494383      0.0209489
      46.8577823341115760      0.0210027
      50.7703628566404319      0.0196418
      54.6829433792025696      0.0199731
      58.5955239017647003      0.0199535
      62.5081044243268309      0.0211933
      66.4206849468556868      0.0235278
      70.3332654694178245      0.0259655
      74.2458459919799623      0.0250795
      78.1584265145088182      0.0228773
      82.0710070370709417      0.0218442
      85.9835875596330936      0.0206360
      89.8961680821952172      0.0222989
      93.8087486047240731      0.0250672
      97.7213291272862108      0.0271875
     101.6339096498483343      0.0290912
     105.5464901723772044      0.0307209
     109.4590706949393422      0.0313286
     113.3716512175014657      0.0342912
     117.2842317400636034      0.0346860
     121.1968122625924593      0.0354469
     125.1093927851545828      0.0359634
     129.0219733077167348      0.0376316
     132.9345538302455907      0.0390018
     136.8471343528077000      0.0396706
     140.7597148753698661      0.0413770
     144.6722953979320039      0.0434166
     148.5848759204608598      0.0441734
     152.4974564430229975      0.0456657
     156.4100369655851068      0.0472504
     160.3226174881139627      0.0481082
     164.2351980106761005      0.0493222
     168.1477785332382382      0.0516753
     172.0603590558004043      0.0525263
     175.9729395783292318      0.0546345
     179.8855201008913696      0.0557687
     183.7981006234535073      0.0578334
     187.7106811459823632      0.0588669
     191.6232616685445009      0.0610319
     195.5358421911066387      0.0620032
     199.4484227136687480      0.0638898
     203.3610032361976039      0.0650790
     207.2735837587597416      0.0665161
     211.1861642813218793      0.0672340
     215.0987448038507353      0.0692743
     219.0113253264128730      0.0711950
     222.9239058489750107      0.0730714
     226.8364863715371484      0.0738231
     230.7490668940660044      0.0751548
     234.6616474166281421      0.0758974
     238.5742279391902798      0.0754889
     242.4868084617191357      0.0730921
     246.3993889842812450      0.0647980
     250.3119695068433828      0.0488894
     254.2245500294055489      0.0139820
     258.1371305519343764     -0.0557799
     262.0497110744965426     -0.1966052
     265.9622915970586519     -0.3997549
     269.8748721195875078     -0.5701501
     273.7874526421496171     -0.7506517
     277.7000331647117832     -1.0141442
     281.6126136872406391     -1.3921843
     285.5251942098028053     -1.8170575
     289.4377747323649146     -2.1477821
     293.3503552549270808     -2.4014940
     297.2629357774559367     -2.5868762
     301.1755163000180460     -2.7008276
     305.0880968225801553     -2.7576323
     309.0006773451090112     -2.8421886
     312.9132578676711205     -2.9003992
     316.8258383902332866     -2.9415419
     320.7384189127954528     -3.0053685
     324.6509994353242519     -3.0671992
     328.5635799578864180     -3.1346741
     332.4761604804485842     -3.1873281
     336.3887410029774401     -3.2050226
     340.3013215255395494     -3.2740111
     344.2139020481017155     -3.3665533
     348.1264825706637680     -3.2592282
     352.0390630931926239     -2.9455130
     355.9516436157547901     -2.5960815
     359.8642241383169562     -2.3453524
     363.7768046608457553     -2.0778022
     367.6893851834079214     -1.7386137
     371.6019657059700876     -1.3852092
     375.5145462285321969     -1.1148881
     379.4271267510610528     -0.9277049
     383.3397072736232190     -0.7677946
     387.2522877961853283     -0.5971667
     391.1648683187141842     -0.4285521
     395.0774488412762935     -0.3110941
     398.9900293638384596     -0.2429053
     402.9026098864005689     -0.1986653
     406.8151904089294248     -0.1604048
     410.7277709314915910     -0.1322127
     414.6403514540537003     -0.1147240
     418.5529319765825562     -0.1019706
     422.4655124991447224     -0.0893675
     426.3780930217068317     -0.0728120
     430.2906735442689978     -0.0497517
     434.2032540667978537     -0.0228669
     438.1158345893599062      0.0018817
     442.0284151119220724      0.0254379
     445.9409956344176749      0.0483154
     449.8535761569797842      0.0724238
     453.7661566795086969      0.0962097
     457.6787372020707494      0.1162600
     461.5913177246329155      0.1312944
     465.5038982471617715      0.1436617
     469.4164787697238808      0.1526507
     473.3290592922860469      0.1621161
     477.2416398148482131      0.1686889
     481.1542203373770690      0.1754979
     485.0668008599391783      0.1800023
     488.9793813825013444      0.1837375
     492.8919619050302003      0.1863492
     496.8045424275923097      0.1904958
     500.7171229501544190      0.1936184
     504.6297034727165851      0.1964186
     508.5422839952453842      0.1983116
     512.4548645178075503      0.2020664
     516.3674450403697165      0.2047503
     520.2800255628985724      0.2055928
     524.1926060854607385      0.2071561
     528.1051866080227910      0.2098518
     532.0177671305849572      0.2119262
     535.9303476531138131      0.2137652
     539.8429281756758655      0.2157616
     543.7555086982380317      0.2185239
     547.6680892207668876      0.2209253
     551.5806697433290537      0.2238482
     555.4932502658912199      0.2261224
     559.4058307884533860      0.2281430
     563.3184113109822420      0.2300586
     567.2309918335442944      0.2336938
     571.1435723561064606      0.2357105
     575.0561528786353165      0.2380050
     578.9687334011974826      0.2391018
     582.8813139237596488      0.2409918
     586.7938944463218149      0.2439711
     590.7064749688505572      0.2458619
     594.6190554914127233      0.2489275
     598.5316360139748895      0.2497046
     602.4442165365037454      0.2521659
     606.3567970590659115      0.2535953
     610.2693775816279640      0.2567555
     614.1819581041900165      0.2583013
     618.0945386267188724      0.2598936
     622.0071191492810385      0.2609892
     625.9196996718432047      0.2633289
     629.8322801943720606      0.2660931
     633.7448607169342267      0.2685583
     637.6574412394963929      0.2695276
     641.5700217620584453      0.2720706
     645.4826022845873013      0.2737769
     649.3951828071494674      0.2753956
     653.3077633297116336      0.2772987
     657.2203438522404895      0.2795837
     661.1329243748026556      0.2807662
     665.0455048973647081      0.2834865
     668.9580854199268742      0.2850645
     672.8706659424557301      0.2871902
     676.7832464650178963      0.2885415
     680.6958269875800625      0.2904999
     684.6084075101089184      0.2910686
     688.5209880326710845      0.2926831
     692.4335685552331370      0.2927455
     696.3461490777953031      0.2933004
     700.2587296003241590      0.2938108
     704.1713101228862115      0.2935874
     708.0838906454483777      0.2919281
     711.9964711679772336      0.2891412
     715.9090516905393997      0.2833680
     719.8216322131014522      0.2724918
     723.7342127356636183      0.2548469
     727.6467932581924742      0.2286506
     731.5593737807546404      0.2002017
     735.4719543033168065      0.1787760
     739.3845348258456625      0.1707259
     743.2971153484077149      0.1711123
     747.2096958709698811      0.1745892
     751.1222763935320472      0.1759800
     755.0348569160609031      0.1714794
     758.9474374386230693      0.1558959
     762.8600179611852354      0.1334934
     766.7725984837140913      0.1022202
     770.6851790062761438      0.0477306
     774.5977595288383100     -0.0457101
     778.5103400513671659     -0.1758236
     782.4229205739293320     -0.3307528
     786.3355010964914982     -0.4923785
     790.2480816190535506     -0.6390757
     794.1606621415824065     -0.7409568
     798.0732426641444590     -0.8476667
     801.9858231867066252     -0.9666327
     805.8984037092354811     -0.9542201
     809.8109842317976472     -0.8127373
     813.7235647543598134     -0.6940218
     817.6361452769218658     -0.6264001
     821.5487257994507218     -0.6533822
     825.4613063220128879     -0.7561647
     829.3738868445750541     -0.9033986
     833.2864673671039100     -1.0972383
     837.1990478896660761     -1.4624923
     841.1116284122282423     -2.3852410
     845.0242089347902947     -3.2984376
     848.9367894573191506     -2.1706913
     852.8493699798813168     -1.2865390
     856.7619505024434829     -0.4198705
     860.6745310249723389      0.0689734
     864.5871115475345050      0.2645836
     868.4996920700966712      0.3415425
     872.4122725926587236      0.3762562
     876.3248531151875795      0.3927763
     880.2374336377497457      0.4019347
     884.1500141603117982      0.4070184
     888.0625946828406541      0.4118686
     891.9751752054028202      0.4137793
     895.8877557279648727      0.4169346
     899.8003362505270388      0.4203633
     903.7129167730225845      0.4228159
     907.6254972955847506      0.4257632
     911.5380778181136066      0.4266963
     915.4506583406757727      0.4300200
     919.3632388632379389      0.4332520
     923.2758193857667948      0.4386195
     927.1883999083288472      0.4442998
     931.1009804308910134      0.4506854
     935.0135609534198693      0.4498599
     938.9261414759820354      0.4499445
     942.8387219985442016      0.4509480
     946.7513025211063677      0.4516774
     950.6638830436352237      0.4542996
     954.5764635661972761      0.4568440
     958.4890440887594423      0.4587726
     962.4016246112882982      0.4624568
     966.3142051338504643      0.4648325
     970.2267856564126305      0.4680474
     974.1393661789747966      0.4693248
     978.0519467015035389      0.4709186
     981.9645272240657050      0.4737829
     985.8771077466277575      0.4749076
     989.7896882691567271      0.4768960
     993.7022687917187795      0.4800599
     997.6148493142809457      0.4817310
    1001.5274298368429982      0.4844413
    1005.4400103593718541      0.4872951
    1009.3525908819340202      0.4896574
    1013.2651714044961864      0.4915276
    1017.1777519270250423      0.4941083
    1021.0903324495872084      0.4954471
    1025.0029129721492609      0.4977433
    1028.9154934947114270      0.4993668
    1032.8280740172403966      0.5016156
    1036.7406545398025628      0.5030778
    1040.6532350623645016      0.5053329
    1044.5658155848934712      0.5064467
    1048.4783961074556373      0.5089152
    1052.3909766300175761      0.5122744
    1056.3035571525797423      0.5142398
    1060.2161376751087118      0.5157987
    1064.1287181976708780      0.5177172
    1068.0412987202328168      0.5192754
    1071.9538792427617864      0.5215857
    1075.8664597653239525      0.5233335
    1079.7790402878861187      0.5249399
    1083.6916208104482848      0.5268355
    1087.6042013329770271      0.5284176
    1091.5167818555391932      0.5317584
    1095.4293623781013594      0.5331092
    1099.3419429006301016      0.5352145
    1103.2545234231922677      0.5366361
    1107.1671039457544339      0.5381097
    1111.0796844683166000      0.5397623
    1114.9922649908455696      0.5426682
    1118.9048455134075084      0.5454689
    1122.8174260359696746      0.5484746
    1126.7300065584986442      0.5521089
    1130.6425870810608103      0.5543619
    1134.5551676036229765      0.5541043
    1138.4677481261851426      0.5566138
    1142.3803286487138848      0.5596291
    1146.2929091712760510      0.5610364
    1150.2054896938382171      0.5630983
    1154.1180702163669594      0.5647318
    1158.0306507389291255      0.5669790
    1161.9432312614912917      0.5693385
    1165.8558117840534578      0.5713353
    1169.7683923065822000      0.5741823
    1173.6809728291443662      0.5764538
    1177.5935533517065323      0.5773801
    1181.5061338742355019      0.5789815
    1185.4187143967976681      0.5817810
    1189.3312949193598342      0.5837200
    1193.2438754419217730      0.5845445
    1197.1564559644507426      0.5858698
    1201.0690364870129088      0.5888126
    1204.9816170095750749      0.5906773
    1208.8941975321038171      0.5911484
    1212.8067780546659833      0.5922039
    1216.7193585772279221      0.5931655
    1220.6319390997900882      0.5936192
    1224.5445196223188304      0.5943065
    1228.4571001448809966      0.5942426
    1232.3696806674431627      0.5941595
    1236.2822611899721323      0.5932776
    1240.1948417125342985      0.5920903
    1244.1074222350962373      0.5904100
    1248.0200027576584034      0.5873250
    1251.9325832801873730      0.5842609
    1255.8451638027495392      0.5784370
    1259.7577443253117053      0.5725354
    1263.6703248478404475      0.5652192
    1267.5829053704026137      0.5557832
    1271.4954858929647799      0.5437862
    1275.4080664154935221      0.5308797
    1279.3206469380556882      0.5130067
    1283.2332274606178544      0.4943316
    1287.1458079831800205      0.4724073
    1291.0583885057089901      0.4489920
    1294.9709690282709289      0.4238370
    1298.8835495508330951      0.3974846
    1302.7961300733620646      0.3709667
    1306.7087105959242308      0.3479864
    1310.6212911184863970      0.3261119
    1314.5338716410485631      0.3080796
    1318.4464521635773053      0.2938761
    1322.3590326861394715      0.2827482
    1326.2716132087016376      0.2739401
    1330.1841937312303799      0.2692664
    1334.0967742537925460      0.2668428
    1338.0093547763547122      0.2654164
    1341.9219352989168783      0.2644842
    1345.8345158214456205      0.2649491
    1349.7470963440077867      0.2166575
    1353.6596768665699528      0.0718385
    1357.5722573890989224      0.0606651
    1361.4848379116276647      0.0617386
    1365.3974184341566342      0.0616061
    1369.3099989567188004      0.0618127
    1373.2225794792809666      0.0619264
    1377.1351600018429053      0.0623223
    1381.0477405243718749      0.0629981
    1384.9603210469340411      0.0634261
    1388.8729015694962072      0.0631975
    1392.7854820920249495      0.0631401
    1396.6980626145871156      0.0633412
    1400.6106431371492818      0.0639108
    1404.5232236597114479      0.0644477
    1408.4358041822401901      0.0650673
    1412.3483847048021289      0.0634853
    1416.2609652273642951      0.0637497
    1420.1735457498932647      0.0648292
    1424.0861262724554308      0.0656869
    1427.9987067950173696      0.0664326
    1431.9112873175463392      0.0660367
    1435.8238678401085053      0.0668257
    1439.7364483626706715      0.0667048
    1443.6490288852328376      0.0686330
    1447.5616094077615799      0.0682001
    1451.4741899303237460      0.0693818
    1455.3867704528859122      0.0679553
    1459.2993509754146544      0.0697450
    1463.2119314979768205      0.0705488
    1467.1245120205389867      0.0718391
    1471.0370925431011528      0.0721855
    1474.9496730656301224      0.0722945
    1478.8622535881920612      0.0723219
    1482.7748341107542274      0.0756700
    1486.6874146332831970      0.0744691
    1490.5999951558453631      0.0750767
    1494.5125756784075293      0.0762014
    1498.4251562009696954      0.0772120
    1502.3377367234984376      0.0783665
    1506.2503172460606038      0.0790362
    1510.1628977686227699      0.0786026
    1514.0754782911515122      0.0795430
    1517.9880588137136783      0.0807782
    1521.9006393362758445      0.0810297
    1525.8132198588380106      0.0817960
    1529.7258003813667528      0.0831399
    1533.6383809039289190      0.0832128
    1537.5509614264910851      0.0855777
    1541.4635419490200547      0.0861869
    1545.3761224715822209      0.0870980
    1549.2887029941443870      0.0875700
    1553.2012835167063258      0.0881359
    1557.1138640392352954      0.0885804
    1561.0264445617974616      0.0896781
    1564.9390250843596277      0.0900366
    1568.8516056068883699      0.0907137
    1572.7641861294505361      0.0918042
    1576.6767666520127023      0.0934675
    1580.5893471745748684      0.0950207
    1584.5019276971036106      0.0958161
    1588.4145082196657768      0.0954819
    1592.3270887422277156      0.0955594
    1596.2396692647566852      0.0987976
    1600.1522497873188513      0.0973881
    1604.0648303098807901      0.0971980
    1607.9774108324429562      0.0945648
    1611.8899913549719258      0.0930023
    1615.8025718775340920      0.0950303
    1619.7151524000962581      0.0996308
    1623.6277329226250004      0.1023767
    1627.5403134451871665      0.1039193
    1631.4528939677493327      0.1027835
    1635.3654744903114988      0.1032088
    1639.2780550128402410      0.1034839
    1643.1906355354024072      0.1044283
    1647.1032160579645733      0.1045766
    1651.0157965804935429      0.1178338
    1654.9283771030554817      0.1609835
    1658.8409576256176479      0.1098264
    1662.7535381481798140      0.1069508
    1666.6661186707087836      0.1086115
    1670.5786991932709498      0.1099794
    1674.4912797158331159      0.1093731
    1678.4038602383618581      0.1079439
    1682.3164407609240243      0.1086600
    1686.2290212834861904      0.1089049
    1690.1416018060483566      0.1089911
    1694.0541823285770988      0.1109138
    1697.9667628511392650      0.1166909
    1701.8793433737014311      0.1128350
    1705.7919238962304007      0.1126821
    1709.7045044187923395      0.1141410
    1713.6170849413545056      0.1142085
    1717.5296654639166718      0.1132122
    1721.4422459864456414      0.1132533
    1725.3548265090078075      0.1136645
    1729.2674070315699737      0.1143449
    1733.1799875540987159      0.1147508
    1737.0925680766608821      0.1164996
    1741.0051485992230482      0.1176705
    1744.9177291217852144      0.1178704
    1748.8303096443139566      0.1186863
    1752.7428901668761227      0.1193148
    1756.6554706894382889      0.1206551
    1760.5680512119670311      0.1205076
    1764.4806317345291973      0.1212177
    1768.3932122570913634      0.1205102
    1772.3057927796533022      0.1178138
    1776.2183733021822718      0.1169195
    1780.1309538247444380      0.1214396
    1784.0435343473063767      0.1238251
    1787.9561148698353463      0.1262886
    1791.8686953923975125      0.1286753
    1795.7812759149596786      0.1286821
    1799.6938564374884209      0.1301995
    1803.6064369600505870      0.1305804
    1807.5190174826127532      0.1312735
    1811.4315980051749193      0.1311341
    1815.3441785277036615      0.1322288
    1819.2567590502658277      0.1349693
    1823.1693395727613733      0.1366019
    1827.0819200953235395      0.1374275
    1830.9945006178857057      0.1394626
    1834.9070811404146752      0.1404934
    1838.8196616629766140      0.1412621
    1842.7322421855387802      0.1427577
    1846.6448227081009463      0.1429656
    1850.5574032306299159      0.1441027
    1854.4699837531920821      0.1448937
    1858.3825642757542482      0.1460764
    1862.2951447982829905      0.1471105
    1866.2077253208451566      0.1494579
    1870.1203058434073228      0.1508649
    1874.0328863659694889      0.1523047
    1877.9454668884982311      0.1536586
    1881.8580474110603973      0.1549544
    1885.7706279336225634      0.1575368
    1889.6832084561515330      0.1597936
    1893.5957889787134718      0.1603143
    1897.5083695012756380      0.1603901
    1901.4209500238378041      0.1623980
    1905.3335305463667737      0.1637324
    1909.2461110689289399      0.1653071
    1913.1586915914908786      0.1667875
    1917.0712721140198482      0.1688397
    1920.9838526365820144      0.1703115
    1924.8964331591441805      0.1716417
    1928.8090136816729228      0.1729980
    1932.7215942042350889      0.1749939
    1936.6341747267972551      0.1748919
    1940.5467552493594212      0.1766869
    1944.4593357718881634      0.1780405
    1948.3719162944503296      0.1799251
    1952.2844968170124957      0.1821731
    1956.1970773395414653      0.1843037
    1960.1096578621036315      0.1849099
    1964.0222383846657976      0.1858060
    1967.9348189072275090      0.1851444
    1971.8473994297564786      0.1859805
    1975.7599799523186448      0.1903675
    1979.6725604748808109      0.1929309
    1983.5851409974095532      0.1937873
    1987.4977215199717193      0.1952000
    1991.4103020425338855      0.1969597
    1995.3228825650960516      0.1993221
    1999.2354630876247938      0.2011998
    2003.1480436101869600      0.2034495
    2007.0606241327491261      0.2052364
    2010.9732046552780957      0.2064512
    2014.8857851778402619      0.2079661
    2018.7983657004022007      0.2104544
    2022.7109462229643668      0.2137940
    2026.6235267454933364      0.2156253
    2030.5361072680555026      0.2171004
    2034.4486877906176687      0.2197840
    2038.3612683131464109      0.2239440
    2042.2738488357085771      0.2258397
    2046.1864293582707433      0.2272647
    2050.0990098808329094      0.2301601
    2054.0115904033618790      0.2345107
    2057.9241709259240452      0.2382732
    2061.8367514484862113      0.2427081
    2065.7493319710147262      0.2473159
    2069.6619124935768923      0.2521061
    2073.5744930161390585      0.2571991
    2077.4870735387012246      0.2632653
    2081.3996540612301942      0.2706096
    2085.3122345837923604      0.2784669
    2089.2248151063545265      0.2882141
    2093.1373956288834961      0.2995298
    2097.0499761514452075      0.3122739
    2100.9625566740073737      0.3281184
    2104.8751371965695398      0.3460558
    2108.7877177190985094      0.3664300
    2112.7002982416606756      0.3902894
    2116.6128787642228417      0.4191293
    2120.5254592867518113      0.4511347
    2124.4380398093135227      0.4902169
    2128.3506203318761436      0.5329110
    2132.2632008544378550      0.5808178
    2136.1757813769668246      0.6323977
    2140.0883618995289908      0.6867690
    2144.0009424220911569      0.7439325
    2147.9135229446196718      0.7990113
    2151.8261034671822927      0.8490643
    2155.7386839897440041      0.8958191
    2159.6512645123066250      0.9348216
    2163.5638450348355946      0.9668436
    2167.4764255573973060      0.9934103
    2171.3890060799594721      1.0135754
    2175.3015866024884417      1.0279133
    2179.2141671250506079      1.0386233
    2183.1267476476127740      1.0472606
    2187.0393281701749402      1.0531234
    2190.9519086927034550      1.0573224
    2194.8644892152660759      1.0610456
