Scan:      1         M31S-540 2020-06-04 +06 51 12.5
          RADIO                  Ta    
        km/s-LSR                 I
    -989.5349764175438168    -18.8746624
    -985.6462986565776419    -17.9130344
    -981.7576208955446191    -16.9928398
    -977.8689431345784442    -16.1137695
    -973.9802653735455351    -15.2741413
    -970.0915876125126260    -14.4701595
    -966.2029098515464511    -13.7006350
    -962.3142320905135421    -12.9625854
    -958.4255543295472535    -12.2563629
    -954.5368765685143444    -11.5786037
    -950.6481988075481695    -10.9298162
    -946.7595210465153741    -10.3101311
    -942.8708432854823513     -9.7191992
    -938.9821655245161764     -9.1546412
    -935.0934877635497742     -8.6156559
    -931.2048100025169788     -8.1062784
    -927.3161322414841834     -7.6235428
    -923.4274544805178948     -7.1675687
    -919.5387767194849857     -6.7354898
    -915.6500989584520767     -6.3263988
    -911.7614211974859018     -5.9400945
    -907.8727434365194995     -5.5740352
    -903.9840656754867041     -5.2278423
    -900.0953879144539087     -4.9008555
    -896.2067101534875064     -4.5921030
    -892.3180323924547110     -4.2997785
    -888.4293546314884225     -4.0235333
    -884.5406768704556271     -3.7625592
    -880.6519991094892248     -3.5165043
    -876.7633213484564294     -3.2845929
    -872.8746435874236340     -3.0647225
    -868.9859658264572317     -2.8579493
    -865.0972880654910568     -2.6629038
    -861.2086103044581478     -2.4788172
    -857.3199325434252387     -2.3068080
    -853.4312547824589501     -2.1446669
    -849.5425770214261547     -1.9927032
    -845.6538992603932456     -1.8493217
    -841.7652214994269571     -1.7146243
    -837.8765437384607822     -1.5884128
    -833.9878659774277594     -1.4700687
    -830.0991882163949640     -1.3592769
    -826.2105104554287891     -1.2557217
    -822.3218326943957663     -1.1587304
    -818.4331549333629710     -1.0712826
    -814.5444771723966824     -0.9904526
    -810.6557994114303938     -0.9057907
    -806.7671216503975984     -0.8319238
    -802.8784438893646893     -0.7652822
    -798.9897661283985144     -0.7080364
    -795.1010883674321121     -0.6420916
    -791.2124106063993167     -0.5837996
    -787.3237328453665214     -0.5330682
    -783.4350550844001191     -0.4855513
    -779.5463773233673237     -0.4410294
    -775.6576995623344146     -0.4007971
    -771.7690218013681260     -0.3639470
    -767.8803440404018374     -0.3294249
    -763.9916662793690421     -0.2984146
    -760.1029885183361330     -0.2694243
    -756.2143107573698444     -0.2417712
    -752.3256329963370490     -0.2172383
    -748.4369552353041399     -0.1940756
    -744.5482774743378513     -0.1745503
    -740.6595997133715628     -0.1558099
    -736.7709219523386537     -0.1394500
    -732.8822441913058583     -0.1233411
    -728.9935664303395697     -0.1086925
    -725.1048886693732811     -0.0961515
    -721.2162109083403720     -0.0844781
    -717.3275331473075767     -0.0752750
    -713.4388553863412881     -0.0639880
    -709.5501776253083790     -0.0559575
    -705.6614998642755836     -0.0486360
    -701.7728221033092950     -0.0419001
    -697.8841443423430064     -0.0392854
    -693.9954665813100974     -0.0366708
    -690.1067888202773020     -0.0340561
    -686.2181110593110134     -0.0314414
    -682.3294332982781043     -0.0288267
    -678.4407555372453089     -0.0262120
    -674.5520777762789066     -0.0235973
    -670.6634000153127317     -0.0209826
    -666.7747222542799364     -0.0183679
    -662.8860444932470273     -0.0157532
    -658.9973667322807387     -0.0131385
    -655.1086889713144501     -0.0105238
    -651.2200112102815410     -0.0079092
    -647.3313334492487456     -0.0052945
    -643.4426556882824570     -0.0026798
    -639.5539779272496617     -0.0000651
    -635.6653001662166389     -0.0002288
    -631.7766224052504640     -0.0019594
    -627.8879446442841754     -0.0004981
    -623.9992668832512663      0.0000783
    -620.1105891222184709      0.0002023
    -616.2219113612521824      0.0006519
    -612.3332336002192733     -0.0002722
    -608.4445558391863642      0.0003564
    -604.5558780782201893      0.0000078
    -600.6672003172537870     -0.0000606
    -596.7785225562209916     -0.0001653
    -592.8898447951881963     -0.0003834
    -589.0011670342217940     -0.0000603
    -585.1124892732556191      0.0004273
    -581.2238115122227100      0.0001808
    -577.3351337511899146      0.0002952
    -573.4464559902235123     -0.0002867
    -569.5577782291907170     -0.0002351
    -565.6691004681579216     -0.0002749
    -561.7804227071915193      0.0003376
    -557.8917449462253444      0.0010054
    -554.0030671851924353      0.0017228
    -550.1143894241595262      0.0024462
    -546.2257116631933513      0.0020847
    -542.3370339021604423      0.0022684
    -538.4483561411275332      0.0021701
    -534.5596783801612446      0.0013667
    -530.6710006191950697      0.0018513
    -526.7823228581621606      0.0004252
    -522.8936450971292516      0.0002717
    -519.0049673361630767      0.0002446
    -515.1162895751301676     -0.0002240
    -511.2276118141638790     -0.0003562
    -507.3389340531310268     -0.0003119
    -503.4502562921647382     -0.0001930
    -499.5615785311318291     -0.0002391
    -495.6729007700990337      0.0002049
    -491.7842230091327451      0.0002719
    -487.8955452480998929      0.0001767
    -484.0068674871336043     -0.0001870
    -480.1181897261006952      0.0000277
    -476.2295119651344635     -0.0004139
    -472.3408342041016112     -0.0011930
    -468.4521564430687590     -0.0000453
    -464.5634786821024704     -0.0000289
    -460.6748009210695614      0.0000290
    -456.7861231601032728      0.0000498
    -452.8974453990704774      0.0000705
    -449.0087676381041319      0.0000912
    -445.1200898770713366      0.0001119
    -441.2314121161050480      0.0001326
    -437.3427343550721389      0.0001533
    -433.4540565940392867     -0.0000767
    -429.5653788330729981     -0.0003190
    -425.6767010720402027      0.0002533
    -421.7880233110739141     -0.0000062
    -417.8993455500410050     -0.0002533
    -414.0106677890747164     -0.0007281
    -410.1219900280418642      0.0002499
    -406.2333122670755756      0.0007491
    -402.3446345060427802     -0.0001694
    -398.4559567450098712     -0.0005588
    -394.5672789840435826     -0.0000218
    -390.6786012230107303      0.0002405
    -386.7899234620444417      0.0002986
    -382.9012457010116464      0.0000739
    -379.0125679400453009      0.0004412
    -375.1238901790124487     -0.0004922
    -371.2352124180461601     -0.0004945
    -367.3465346570133079     -0.0008390
    -363.4578568959804556     -0.0006382
    -359.5691791350141671     -0.0001237
    -355.6805013739813148      0.0002971
    -351.7918236130150262      0.0000269
    -347.9031458519821740     -0.0008122
    -344.0144680910158854     -0.0001244
    -340.1257903299830332      0.0003313
    -336.2371125689501810      0.0001950
    -332.3484348079838924      0.0001611
    -328.4597570469510401      0.0003064
    -324.5710792859847516      0.0001047
    -320.6824015249518993      0.0006451
    -316.7937237639856107      0.0005394
    -312.9050460029527585      0.0004469
    -309.0163682419199063      0.0002458
    -305.1276904809536177      0.0001041
    -301.2390127199873291      0.0002766
    -297.3503349589544769     -0.0007447
    -293.4616571979215678     -0.0001541
    -289.5729794369552792      0.0003840
    -285.6843016759224838      0.0000010
    -281.7956239148895747     -0.0005203
    -277.9069461539233430      0.0001332
    -274.0182683929570544     -0.0001156
    -270.1295906319241453     -0.0001917
    -266.2409128708913499      0.0000126
    -262.3522351099250614      0.0000221
    -258.4635573488921523     -0.0001256
    -254.5748795879258921     -0.0004094
    -250.6862018268930399     -0.0008932
    -246.7975240659267513      0.0001225
    -242.9088463048938991      0.0001903
    -239.0201685438610468      0.0007203
    -235.1314907828947582      0.0001031
    -231.2428130219284412     -0.0000328
    -227.3541352608956174     -0.0005069
    -223.4654574998627652     -0.0000342
    -219.5767797388964766      0.0001850
    -215.6881019778636244      0.0000321
    -211.7994242168307437      0.0006743
    -207.9107464558644551      0.0006022
    -204.0220686948981950      0.0007173
    -200.1333909338653427      0.0005875
    -196.2447131728324621      0.0012076
    -192.3560354118661735      0.0015614
    -188.4673576508333213      0.0010434
    -184.5786798898004690      0.0011740
    -180.6900021288342089      0.0008065
    -176.8013243678678919     -0.0001132
    -172.9126466068350396     -0.0000649
    -169.0239688458021874      0.0000515
    -165.1352910848358988      0.0005049
    -161.2466133238696102      0.0005512
    -157.3579355628367580      0.0003166
    -153.4692578018039057     -0.0001915
    -149.5805800408376172      0.0001447
    -145.6919022798047649     -0.0005695
    -141.8032245187718843     -0.0003536
    -137.9145467578056241     -0.0004910
    -134.0258689968393355     -0.0000402
    -130.1371912358064833     -0.0004952
    -126.2485134747736168      0.0005364
    -122.3598357138073283      0.0000958
    -118.4711579527744760     -0.0001765
    -114.5824801917416238      0.0006070
    -110.6938024307753352     -0.0000786
    -106.8051246698090466     -0.0000117
    -102.9164469087761802     -0.0000717
     -99.0277691477433422     -0.0006190
     -95.1390913867770394      0.0001769
     -91.2504136258107650     -0.0001838
     -87.3617358647778985     -0.0004554
     -83.4730581037450463      0.0006525
     -79.5843803427787577      0.0009280
     -75.6957025817459055     -0.0000500
     -71.8070248207130533      0.0004235
     -67.9183470597467647      0.0003064
     -64.0296692987804761     -0.0002645
     -60.1409915377476239     -0.0008317
     -56.2523137767147645     -0.0007360
     -52.3636360157484830      0.0000200
     -48.4749582547156237      0.0001329
     -44.5862804936827644      0.0005085
     -40.6976027327164758     -0.0000744
     -36.8089249717501943      0.0000279
     -32.9202472107173350      0.0000353
     -29.0315694496844827      0.0000427
     -25.1428916887181941      0.0000501
     -21.2542139277519091      0.0000575
     -17.3655361667190533      0.0000649
     -13.4768584056861975      0.0000723
      -9.5881806447199107      0.0000797
      -5.6995028836870549      0.0000870
      -1.8108251226541998      0.0000497
       2.0778526383120881     -0.0002958
       5.9665303993116598     -0.0016946
       9.8552081603445156     -0.0009759
      13.7438859213440860     -0.0020059
      17.6325636823103729     -0.0020265
      21.5212414433432286     -0.0018892
      25.4099192043428026     -0.0030365
      29.2985969653423695     -0.0034955
      33.1872747263419470     -0.0046107
      37.0759524873747921     -0.0063395
      40.9646302483410807     -0.0062583
      44.8533080093406511     -0.0086794
      48.7419857703402286     -0.0106035
      52.6306635313730808     -0.0125683
      56.5193412923726584     -0.0158242
      60.4080190533389398     -0.0184925
      64.2966968144050810     -0.0197814
      68.1853745753713696     -0.0230145
      72.0740523363709400     -0.0275050
      75.9627300973705104     -0.0325453
      79.8514078584033768     -0.0376685
      83.7400856194029330     -0.0432347
      87.6287633803692358     -0.0491366
      91.5174411414020881     -0.0559656
      95.4061189024016443     -0.0637889
      99.2947966634012289     -0.0712632
     103.1834744244007851     -0.0815500
     107.0721521854336515     -0.0912981
     110.9608299463999401     -0.1028706
     114.8495077073995105     -0.1155706
     118.7381854684323628     -0.1304480
     122.6268632294319332     -0.1451204
     126.5155409904315036     -0.1624434
     130.4042187513977922     -0.1808130
     134.2928965124639262     -0.2012367
     138.1815742734302148     -0.2239133
     142.0702520344297852     -0.2481973
     145.9589297954626375     -0.2742529
     149.8476075564622363     -0.3039769
     153.7362853174617783     -0.3344300
     157.6249630784280953     -0.3684376
     161.5136408394609475     -0.4064799
     165.4023186004605179     -0.4465367
     169.2909963614600599     -0.4893953
     173.1796741224929406     -0.5360450
     177.0683518834924826     -0.5950915
     180.9570296444587996     -0.6450564
     184.8457074054583416     -0.6983848
     188.7343851664911938     -0.7609636
     192.6230629274907926     -0.8276938
     196.5117406884903630     -0.8997343
     200.4004184495232153     -0.9770555
     204.2890962105227857     -1.0605044
     208.1777739714890743     -1.1496524
     212.0664517324886447     -1.2444302
     215.9551294935214969     -1.3464044
     219.8438072545210673     -1.4544859
     223.7324850155206377     -1.5711557
     227.6211627764869263     -1.6949093
     231.5098405375197785     -1.8273031
     235.3985182985193774     -1.9674329
     239.2871960595189194     -2.1171522
     243.1758738205518000     -2.2763839
     247.0645515815513420     -2.4451602
     250.9532293425176590     -2.6254687
     254.8419071035172010     -2.8159757
     258.7305848645500532     -3.0181878
     262.6192626255496521     -3.2325442
     266.5079403865491940     -3.4615676
     270.3966181475820463     -3.7017713
     274.2852959085816451     -3.9562669
     278.1739736695479337     -4.2258186
     282.0626514305474757     -4.5106726
     285.9513291915803848     -4.8113132
     289.8400069525799267     -5.1300850
     293.7286847135794687     -5.4670734
     297.6173624746123778     -5.8214622
     301.5060402355786664     -6.1957021
     305.3947179965782084     -6.5895681
     309.2833957575778072     -7.0061674
     313.1720735186106026     -7.4437151
     317.0607512796102014     -7.9040985
     320.9494290405764900     -8.3895350
     324.8381068016093423     -8.8995275
     328.7267845626089411     -9.4361324
     332.6154623236085399    -10.0001202
     336.5041400846080251    -10.5920792
     340.3928178456409341    -11.2133226
     344.2814956066404761    -11.8656120
     348.1701733676067647    -12.5502338
     352.0588511286396738    -13.2681875
     355.9475288896391589    -14.0225744
     359.8362066506387578    -14.8121424
     363.7248844116383566    -15.6390095
     367.6135621726712088    -16.5054321
     371.5022399336374974    -17.4126492
     375.3909176946370962    -18.3632526
     379.2795954556366382    -19.3561783
     383.1682732166694905    -20.3951759
     387.0569509776690325    -21.4834862
     390.9456287386353210    -22.6193848
     394.8343064996682301    -23.8058090
     398.7229842606677721    -25.0462208
     402.6116620216673709    -26.3420010
     406.5003397826669129    -27.6933899
     410.3890175436997652    -29.1052418
     414.2776953046993640    -30.5783463
     418.1663730656656526    -32.1148605
     422.0550508266985048    -33.7164268
     425.9437285876980468    -35.3872452
     429.8324063486975888    -37.1287880
     433.7210841096971876    -38.9431534
     437.6097618707300398    -40.8330536
     441.4984396316963284    -42.8014908
     445.3871173926959273    -44.8511124
     449.2757951537287227    -46.9837952
     453.1644729147283215    -49.2039490
     457.0531506757279203    -51.5140381
     460.9418284366942089    -53.9162064
     464.8305061977270611    -56.4146729
     468.7191839587266600    -59.0114937
     472.6078617197262020    -61.7113800
     476.4965394807590542    -64.5167542
     480.3852172417585962    -67.4307709
     484.2738950027581950    -70.4582748
     488.1625727637244836    -73.6008224
     492.0512505247573358    -76.8648376
     495.9399282857568778    -80.2524490
     499.8286060467564766    -83.7677917
     503.7172838077893289    -87.4152985
     507.6059615687889277    -91.1993332
     511.4946393297552163    -95.1236954
     515.3833170907547583    -99.1928177
     519.2719948517876674   -103.4104843
     523.1606726127871525   -107.7835617
     527.0493503737867513   -112.3139420
     530.9380281347530399   -117.0080032
     534.8267058957859490   -121.8712082
     538.7153836567854341   -126.9067535
     542.6040614177850330   -132.1208496
     546.4927391788179420   -137.5195007
     550.3814169398175409   -143.1080475
     554.2700947008170260   -148.8921814
     558.1587724617834283   -154.8757935
     562.0474502228162237   -161.0665894
     565.9361279838157088   -167.4701996
     569.8248057448154213   -174.0925446
     573.7134835058482167   -180.9403687
     577.6021612668477019   -188.0197449
     581.4908390278141042   -195.3367920
     585.3795167888135893   -202.8985748
     589.2681945498464984   -210.7126160
     593.1568723108459835   -218.7859192
     597.0455500718456960   -227.1249084
     600.9342278328784914   -235.7373505
     604.8229055938446663   -244.6310577
     608.7115833548443788   -253.8126068
     612.6002611158438640   -263.2913818
     616.4889388768767731   -273.0754089
     620.3776166378763719   -283.1725159
     624.2662943988758570   -293.5916138
     628.1549721599087661   -304.3394775
     632.0436499208750547   -315.4271240
     635.9323276818746535   -326.8628845
     639.8210054428741387   -338.6552124
     643.7096832039069341   -350.8134766
     647.5983609649066466   -363.3498535
     651.4870387258728215   -376.2712097
     655.3757164869057306   -389.5877686
     659.2643942479053294   -403.3117676
     663.1530720089049282   -417.4517822
     667.0417497699044134   -432.0205994
     670.9304275309373224   -447.0268555
     674.8191052919036110   -462.4834290
     678.7077830529030962   -478.3995056
     682.5964608139361189   -494.7890930
     686.4851385749356041   -511.6622314
     690.3738163359350892   -529.0333862
     694.2624940969348017   -546.9134521
     698.1511718579675971   -565.3142090
     702.0398496189338857   -584.2488403
     705.9285273799334846   -603.7307739
     709.8172051409330834   -623.7737427
     713.7058829019658788   -644.3914795
     717.5945606629653639   -665.5967407
     721.4832384239317662   -687.4041138
     725.3719161849645616   -709.8299561
     729.2605939459641604   -732.8882446
     733.1492717069637592   -756.5916748
     737.0379494679633581   -780.9586792
     740.9266272289961535   -806.0037842
     744.8153049899624421   -831.7407837
     748.7039827509620409   -858.1895142
     752.5926605119948363   -885.3649292
     756.4813382729945488   -913.2835693
     760.3700160339940339   -941.9637451
     764.2586937949935191   -971.4210205
     768.1473715560265418  -1001.6767578
     772.0360493169927167  -1032.7457275
     775.9247270779923156  -1064.6468506
     779.8134048390251110  -1097.4005127
     783.7020826000247098  -1131.0260010
     787.5907603610243086  -1165.5423584
     791.4794381219905972  -1200.9689941
     795.3681158830235063  -1237.3269043
     799.2567936440229914  -1274.6369629
     803.1454714050225903  -1312.9207764
     807.0341491660554993  -1352.1987305
     810.9228269270549845  -1392.4935303
     814.8115046880212731  -1433.8271484
     818.7001824490208719  -1476.2226562
     822.5888602100537810  -1519.7026367
     826.4775379710532661  -1564.2911377
     830.3662157320529786  -1610.0108643
     834.2548934930857740  -1656.8872070
     838.1435712540852592  -1704.9461670
     842.0322490150516614  -1754.2086182
     845.9209267760511466  -1804.7037354
     849.8096045370840557  -1856.4586182
     853.6982822980836545  -1909.4985352
     857.5869600590831396  -1963.8498535
     861.4756378200494282  -2019.5406494
     865.3643155810822236  -2076.5998535
     869.2529933420819361  -2135.0532227
     873.1416711030814213  -2194.9340820
     877.0303488641142167  -2256.2675781
     880.9190266251139292  -2319.0854492
     884.8077043860801041  -2383.4187012
     888.6963821470797029  -2449.2980957
     892.5850599081126120  -2516.7534180
     896.4737376691122108  -2585.7983398
     900.3624154301116960  -2656.5207520
     904.2510931911446050  -2728.9104004
     908.1397709521442039  -2803.0029297
     912.0284487131103788  -2878.8374023
     915.9171264741100913  -2956.4501953
     919.8058042351428867  -3035.8759766
     923.6944819961423718  -3117.1508789
     927.5831597571420843  -3200.3122559
     931.4718375181748797  -3285.3959961
     935.3605152791411683  -3372.4406738
     939.2491930401406535  -3461.4848633
     943.1378708011403660  -3552.5661621
     947.0265485621731614  -3645.7250977
     950.9152263231726465  -3741.0024414
     954.8039040841390488  -3838.4384766
     958.6925818452051544  -3938.0749512
     962.5812596061714430  -4039.9536133
     966.4699373671710418  -4144.1181641
     970.3586151281705270  -4250.6118164
     974.2472928892034361  -4359.4780273
     978.1359706502030349  -4470.7626953
     982.0246484111693235  -4584.5107422
     985.9133261722021189  -4700.7685547
     989.8020039332018314  -4819.5844727
     993.6906816942013165  -4941.0048828
     997.5793594552008017  -5065.0786133
    1001.4680372162337108  -5191.8554688
    1005.3567149771999993  -5321.3852539
    1009.2453927381995982  -5453.7182617
    1013.1340704991991970  -5588.9057617
    1017.0227482602319924  -5727.0014648
    1020.9114260212315912  -5868.0566406
    1024.8001037821977661  -6012.1279297
    1028.6887815432639854  -6159.2680664
    1032.5774593042303877  -6309.5336914
    1036.4661370652297592  -6462.9799805
    1040.3548148262293580  -6619.6650391
    1044.2434925872623808  -6779.6464844
    1048.1321703482617522  -6942.9838867
    1052.0208481092281545  -7109.7363281
    1055.9095258702609499  -7279.9663086
    1059.7982036312607761  -7453.7333984
    1063.6868813922601475  -7631.1015625
    1067.5755591532597464  -7812.1333008
    1071.4642369142927691  -7996.8930664
    1075.3529146752587167  -8185.4462891
    1079.2415924362585429  -8377.8593750
    1083.1302701972913383  -8574.2001953
    1087.0189479582907097  -8774.5351562
    1090.9076257192905359  -8978.9345703
    1094.7963034802567108  -9187.4677734
    1098.6849812413229301  -9400.2089844
    1102.5736590022891050  -9617.2265625
    1106.4623367632889313  -9838.5927734
    1110.3510145243214993 -10064.3867188
    1114.2396922853210981 -10294.6806641
    1118.1283700463206969 -10529.5507812
    1122.0170478072868718 -10769.0751953
    1125.9057255683198946 -11013.3320312
    1129.7944033293192660 -11262.4013672
    1133.6830810903188649 -11516.3623047
    1137.5717588513518876 -11775.2978516
    1141.4604366123512591 -12039.2910156
    1145.3491143733176614 -12308.4267578
    1149.2377921343172602 -12582.7880859
    1153.1264698953500556 -12862.4619141
    1157.0151476563496544 -13147.5371094
    1160.9038254173492533 -13438.1025391
    1164.7925031783154282 -13734.2451172
    1168.6811809393816475 -14036.0605469
    1172.5698587003480498 -14343.6386719
    1176.4585364613474212 -14657.0703125
    1180.3472142223804440 -14976.4570312
    1184.2358919833800428 -15301.8896484
    1188.1245697443794143 -15633.4687500
    1192.0132475053458165 -15971.2910156
    1195.9019252663788393 -16315.4580078
    1199.7906030273782108 -16666.0722656
    1203.6792807883778096 -17023.2324219
    1207.5679585494108323 -17387.0449219
    1211.4566363104102038 -17757.6152344
    1215.3453140713766061 -18135.0507812
    1219.2339918323762049 -18519.4609375
    1223.1226695934090003 -18910.9531250
    1227.0113473544085991 -19309.6386719
    1230.9000251154081980 -19715.6308594
    1234.7887028764409934 -20129.0429688
    1238.6773806374405922 -20549.9941406
    1242.5660583984069945 -20978.5957031
    1246.4547361594063659 -21414.9707031
    1250.3434139204393887 -21859.2363281
    1254.2320916814387601 -22311.5156250
    1258.1207694424383590 -22771.9335938
    1262.0094472034713817 -23240.6113281
    1265.8981249644375566 -23717.6777344
    1269.7868027254371555 -24203.2597656
    1273.6754804864367543 -24697.4843750
    1277.5641582474695497 -25200.4902344
    1281.4528360084691485 -25712.4023438
    1285.3415137694355508 -26233.3554688
    1289.2301915304681188 -26763.4902344
    1293.1188692914677176 -27302.9375000
    1297.0075470524675438 -27851.8417969
    1300.8962248134669153 -28410.3398438
    1304.7849025744999381 -28978.5781250
    1308.6735803354995369 -29556.6992188
    1312.5622580964657118 -30144.8515625
    1316.4509358574985072 -30743.1816406
    1320.3396136184981060 -31351.8417969
    1324.2282913794977048 -31970.9570312
    1328.1169691404973037 -32600.6914062
    1332.0056469015303264 -33241.2578125
    1335.8943246624962740 -33892.7773438
    1339.7830024234958728 -34555.4023438
    1343.6716801844956990 -35229.2968750
    1347.5603579455282670 -35914.6250000
    1351.4490357065280932 -36611.5507812
    1355.3377134674942681 -37320.2421875
    1359.2263912285270635 -38040.8671875
    1363.1150689895266623 -38773.6015625
    1367.0037467505262612 -39518.6093750
    1370.8924245115258600 -40276.0742188
    1374.7811022725586554 -41046.1757812
    1378.6697800335584816 -41829.0820312
    1382.5584577945244291 -42624.9882812
    1386.4471355555574519 -43434.0664062
    1390.3358133165570507 -44256.5078125
    1394.2244910775564222 -45092.5039062
    1398.1131688385562484 -45942.2382812
    1402.0018465995888164 -46805.9101562
    1405.8905243605552187 -47683.7109375
    1409.7792021215548175 -48575.8320312
    1413.6678798825876129 -49482.4843750
    1417.5565576435872117 -50403.8593750
    1421.4452354045868105 -51340.1679688
    1425.3339131655529854 -52291.6132812
    1429.2225909265860082 -53258.4023438
    1433.1112686875856070 -54240.7500000
    1436.9999464485849785 -55238.8671875
    1440.8886242096180013 -56252.9687500
    1444.7773019706176001 -57283.2773438
    1448.6659797316169715 -58330.0078125
    1452.5546574925833738 -59393.3867188
    1456.4433352536163966 -60473.6445312
    1460.3320130146157680 -61571.0000000
    1464.2206907756153669 -62685.6914062
    1468.1093685366483896 -63817.9453125
    1471.9980462976477611 -64968.0078125
    1475.8867240586141634 -66136.1093750
    1479.7754018196137622 -67322.4921875
    1483.6640795806465576 -68527.3984375
    1487.5527573416461564 -69751.0859375
    1491.4414351026457553 -70993.7890625
    1495.3301128636119302 -72255.7734375
    1499.2187906246449529 -73537.2890625
    1503.1074683856445517 -74838.5859375
    1506.9961461466439232 -76159.9375000
    1510.8848239076769460 -77501.6015625
    1514.7735016686765448 -78863.8359375
    1518.6621794296759163 -80246.9218750
    1522.5508571906423185 -81651.1328125
    1526.4395349516751139 -83076.7343750
    1530.3282127126747127 -84524.0078125
    1534.2168904736743116 -85993.2343750
    1538.1055682347071070 -87484.7031250
    1541.9942459957067058 -88998.6875000
    1545.8829237566731081 -90535.5000000
    1549.7716015176727069 -92095.4140625
    1553.6602792787052749 -93678.7343750
    1557.5489570397051011 -95285.7500000
    1561.4376348007044726 -96916.7890625
    1565.3263125617372680 -98572.1328125
    1569.2149903227036702-100252.1015625
    1573.1036680837030417-101957.0000000
    1576.9923458447028679-103687.1484375
    1580.8810236057356633-105442.8750000
    1584.7697013667352621-107224.4843750
    1588.6583791277348610-109032.3125000
    1592.5470568887676563-110866.6875000
    1596.4357346497338312-112727.9453125
    1600.3244124107334301-114616.4218750
    1604.2130901717332563-116532.4453125
    1608.1017679327658243-118476.3750000
    1611.9904456937654231-120448.5468750
    1615.8791234547318254-122449.3281250
    1619.7678012157646208-124479.0234375
    1623.6564789767642196-126538.0390625
    1627.5451567377638185-128626.7265625
    1631.4338344987634173-130745.4453125
    1635.3225122597962127-132894.5625000
    1639.2111900207626149-135074.4531250
    1643.0998677817619864-137285.5000000
    1646.9885455427615852-139528.0625000
    1650.8772233037946080-141802.5468750
    1654.7659010647939795-144109.3125000
    1658.6545788257938057-146448.7812500
    1662.5432565868266011-148821.3437500
    1666.4319343477927760-151227.3906250
    1670.3206121087923748-153667.3125000
    1674.2092898697919736-156141.5468750
    1678.0979676308247690-158650.4843750
    1681.9866453918243678-161194.5312500
    1685.8753231527907701-163774.1406250
    1689.7640009138235655-166389.7031250
    1693.6526786748231643-169041.6562500
    1697.5413564358225358-171730.4531250
    1701.4300341968221346-174456.5000000
    1705.3187119578551574-177220.2500000
    1709.2073897188213323-180022.1562500
    1713.0960674798209311-182862.6718750
    1716.9847452408539539-185742.2187500
    1720.8734230018533253-188661.2968750
    1724.7621007628529242-191620.3281250
    1728.6507785238525230-194619.8125000
    1732.5394562848853184-197660.2031250
    1736.4281340458517207-200741.9843750
    1740.3168118068513195-203865.6406250
    1744.2054895678841149-207031.6562500
    1748.0941673288837137-210240.5000000
    1751.9828450898833125-213492.7031250
    1755.8715228508494874-216788.7343750
    1759.7602006118822828-220129.1093750
    1763.6488783728821090-223514.3437500
    1767.5375561338814805-226944.9531250
    1771.4262338949142759-230421.4375000
    1775.3149116559141021-233944.3437500
    1779.2035894168800496-237514.1875000
    1783.0922671778798758-241131.5000000
    1786.9809449389126712-244796.8437500
    1790.8696226999122700-248510.7187500
    1794.7583004609118689-252273.7187500
    1798.6469782219114677-256086.3750000
    1802.5356559829442631-259949.2500000
    1806.4243337439104380-263862.9062500
    1810.3130115049102642-267827.9375000
    1814.2016892659428322-271844.8750000
    1818.0903670269426584-275914.3437500
    1821.9790447879422572-280036.9062500
    1825.8677225489084321-284213.1562500
    1829.7564003099412275-288443.6875000
    1833.6450780709408264-292729.0937500
    1837.5337558319404252-297070.0312500
    1841.4224335929732206-301467.0625000
    1845.3111113539725920-305920.8125000
    1849.1997891149389943-310431.9375000
    1853.0884668759385931-315001.0312500
    1856.9771446369713885-319628.7500000
    1860.8658223979709874-324315.7500000
    1864.7545001589708136-329062.6562500
    1868.6431779200033816-333870.0937500
    1872.5318556810029804-338738.8125000
    1876.4205334419693827-343669.3750000
    1880.3092112029687542-348662.5312500
    1884.1978889640017769-353718.9375000
    1888.0865667250013757-358839.2500000
    1891.9752444860007472-364024.1875000
    1895.8639222470337700-369274.4375000
    1899.7526000080001722-374590.6875000
    1903.6412777689995437-379973.6562500
    1907.5299555299991425-385424.0937500
    1911.4186332910321653-390942.6875000
    1915.3073110520315367-396530.1562500
    1919.1959888129979390-402187.2500000
    1923.0846665740641583-407914.7187500
    1926.9733443350303332-413713.2812500
    1930.8620220960299321-419583.7187500
    1934.7506998570295309-425526.7812500
    1938.6393776180623263-431543.2500000
    1942.5280553790619251-437633.8750000
    1946.4167331400283274-443799.4375000
    1950.3054109010611228-450040.7500000
    1954.1940886620607216-456358.6250000
    1958.0827664230603204-462753.7812500
    1961.9714441840596919-469227.0937500
    1965.8601219450927147-475779.3750000
    1969.7487997060591169-482411.4375000
    1973.6374774670584884-489124.0937500
    1977.5261552280580872-495918.1875000
    1981.4148329890908826-502794.5937500
    1985.3035107500904815-509754.1250000
    1989.1921885110568837-516797.6562500
    1993.0808662721228757-523926.0625000
    1996.9695440330892779-531140.1875000
    2000.8582217940888768-538440.9375000
    2004.7468995550882482-545829.1875000
    2008.6355773161212710-553305.8750000
    2012.5242550771208698-560871.8750000
    2016.4129328380870447-568528.0625000
    2020.3016105991198401-576275.3750000
    2024.1902883601196663-584114.8125000
    2028.0789661211190378-592047.2500000
    2031.9676438821186366-600073.5625000
    2035.8563216431516594-608194.8125000
    2039.7449994041176069-616411.9375000
    2043.6336771651174331-624725.8750000
