Scan:      1         M31S-540 2020-06-04 +06 51 12.5
          RADIO                  Ta    
        km/s-LSR                 I
   -1162.6326308008738124    -18.8746624
   -1158.7417151366853432    -17.9130344
   -1154.8507994723640877    -16.9928398
   -1150.9598838081092254    -16.1137695
   -1147.0689681439212109    -15.2741413
   -1143.1780524795995007    -14.4701595
   -1139.2871368154114862    -13.7006350
   -1135.3962211511566238    -12.9625854
   -1131.5053054869019888    -12.2563629
   -1127.6143898226468991    -11.5786037
   -1123.7234741583922641    -10.9298162
   -1119.8325584941374018    -10.3101311
   -1115.9416428298827668     -9.7191992
   -1112.0507271656276771     -9.1546412
   -1108.1598115013728147     -8.6156559
   -1104.2688958371181798     -8.1062784
   -1100.3779801728633174     -7.6235428
   -1096.4870645086084551     -7.1675687
   -1092.5961488443535927     -6.7354898
   -1088.7052331800989577     -6.3263988
   -1084.8143175158440954     -5.9400945
   -1080.9234018515892330     -5.5740352
   -1077.0324861874009912     -5.2278423
   -1073.1415705230797357     -4.9008555
   -1069.2506548588248734     -4.5921030
   -1065.3597391946366315     -4.2997785
   -1061.4688235303817692     -4.0235333
   -1057.5779078660605137     -3.7625592
   -1053.6869922018722718     -3.5165043
   -1049.7960765376174095     -3.2845929
   -1045.9051608733625471     -3.0647225
   -1042.0142452091076848     -2.8579493
   -1038.1233295448530498     -2.6629038
   -1034.2324138805981875     -2.4788172
   -1030.3414982163433251     -2.3068080
   -1026.4505825520884628     -2.1446669
   -1022.5596668878337141     -1.9927032
   -1018.6687512235789654     -1.8493217
   -1014.7778355593241031     -1.7146243
   -1010.8869198950693544     -1.5884128
   -1006.9960042308811126     -1.4700687
   -1003.1050885665597434     -1.3592769
    -999.2141729023048811     -1.2557217
    -995.3232572381165255     -1.1587304
    -991.4323415737952701     -1.0712826
    -987.5414259095405214     -0.9904526
    -983.6505102453521658     -0.9057907
    -979.7595945810974172     -0.8319238
    -975.8686789167759343     -0.7652822
    -971.9777632525878062     -0.7080364
    -968.0868475883329438     -0.6420916
    -964.1959319240115747     -0.5837996
    -960.3050162598233328     -0.5330682
    -956.4141005955685841     -0.4855513
    -952.5231849313137218     -0.4410294
    -948.6322692670589731     -0.4007971
    -944.7413536028041108     -0.3639470
    -940.8504379385493621     -0.3294249
    -936.9595222742944998     -0.2984146
    -933.0686066100397511     -0.2694243
    -929.1776909457848888     -0.2417712
    -925.2867752815301401     -0.2172383
    -921.3958596172752777     -0.1940756
    -917.5049439530205291     -0.1745503
    -913.6140282888322872     -0.1558099
    -909.7231126245773112     -0.1394500
    -905.8321969602560557     -0.1233411
    -901.9412812960677002     -0.1086925
    -898.0503656318129515     -0.0961515
    -894.1594499674916960     -0.0844781
    -890.2685343033033405     -0.0752750
    -886.3776186390485918     -0.0639880
    -882.4867029747937295     -0.0559575
    -878.5957873105389808     -0.0486360
    -874.7048716462841185     -0.0419001
    -870.8139559820293698     -0.0365134
    -866.9230403177745075     -0.0318688
    -863.0321246535197588     -0.0275070
    -859.1412089892648964     -0.0228181
    -855.2502933250101478     -0.0186239
    -851.3593776607552854     -0.0163134
    -847.4684619965005368     -0.0130814
    -843.5775463322456744     -0.0097988
    -839.6866306679909258     -0.0080815
    -835.7957150037360634     -0.0057426
    -831.9047993394813147     -0.0043892
    -828.0138836752929592     -0.0045816
    -824.1229680109717037     -0.0033068
    -820.2320523467168414     -0.0022515
    -816.3411366825284858     -0.0010673
    -812.4502210182072304     -0.0000651
    -808.5593053540188748     -0.0002288
    -804.6683896897641262     -0.0019594
    -800.7774740255092638     -0.0004981
    -796.8865583612545151      0.0000783
    -792.9956426969997665      0.0002023
    -789.1047270327449041      0.0006519
    -785.2138113684901555     -0.0002722
    -781.3228957042352931      0.0003564
    -777.4319800399805445      0.0000078
    -773.5410643757256821     -0.0000606
    -769.6501487114709334     -0.0001653
    -765.7592330472160711     -0.0003834
    -761.8683173829613224     -0.0000603
    -757.9774017187730806      0.0004273
    -754.0864860544517114      0.0001808
    -750.1955703901968491      0.0002952
    -746.3046547260084935     -0.0002867
    -742.4137390616872381     -0.0002351
    -738.5228233974324894     -0.0002749
    -734.6319077332441339      0.0003376
    -730.7409920689892715      0.0010054
    -726.8500764046679024      0.0017228
    -722.9591607404796605      0.0024462
    -719.0682450762249118      0.0020847
    -715.1773294119700495      0.0022684
    -711.2864137477153008      0.0021701
    -707.3954980834604385      0.0013667
    -703.5045824192056898      0.0018513
    -699.6136667549509411      0.0004252
    -695.7227510906960788      0.0002717
    -691.8318354264413301      0.0002446
    -687.9409197621864678     -0.0002240
    -684.0500040979317191     -0.0003562
    -680.1590884336768568     -0.0003119
    -676.2681727694886149     -0.0001930
    -672.3772571051672458     -0.0002391
    -668.4863414409124971      0.0002049
    -664.5954257767241415      0.0002719
    -660.7045101124028861      0.0001767
    -656.8135944481480237     -0.0001870
    -652.9226787839596682      0.0000277
    -649.0317631197049195     -0.0004139
    -645.1408474553835504     -0.0011930
    -641.2499317911953085     -0.0000453
    -637.3590161269404462     -0.0000289
    -633.4681004626190770      0.0000290
    -629.5771847984308351      0.0000498
    -625.6862691341760865      0.0000705
    -621.7953534699212241      0.0000912
    -617.9044378056664755      0.0001119
    -614.0135221414116131      0.0001326
    -610.1226064771568645      0.0001533
    -606.2316908129021158     -0.0000767
    -602.3407751486472534     -0.0003190
    -598.4498594843925048      0.0002533
    -594.5589438201376424     -0.0000062
    -590.6680281558828938     -0.0002533
    -586.7771124916280314     -0.0007281
    -582.8861968274396759      0.0002499
    -578.9952811631849272      0.0007491
    -575.1043654988636717     -0.0001694
    -571.2134498346753162     -0.0005588
    -567.3225341704204538     -0.0000218
    -563.4316185060990847      0.0002405
    -559.5407028419108428      0.0002986
    -555.6497871776560942      0.0000739
    -551.7588715134012318      0.0004412
    -547.8679558491464832     -0.0004922
    -543.9770401848916208     -0.0004945
    -540.0861245206368721     -0.0008390
    -536.1952088563820098     -0.0006382
    -532.3042931921272611     -0.0001237
    -528.4133775278723988      0.0002971
    -524.5224618636176501      0.0000269
    -520.6315461993627878     -0.0008122
    -516.7406305351080391     -0.0001244
    -512.8497148708531768      0.0003313
    -508.9587992065984281      0.0001950
    -505.0678835423435658      0.0001611
    -501.1769678780887602      0.0003064
    -497.2860522139005752      0.0001047
    -493.3951365495791492      0.0006451
    -489.5042208853909642      0.0005394
    -485.6133052211361587      0.0004469
    -481.7223895568147327      0.0002458
    -477.8314738926265477      0.0001041
    -473.9405582283716853      0.0002766
    -470.0496425641168798     -0.0007447
    -466.1587268998620743     -0.0001541
    -462.2678112356072688      0.0003840
    -458.3768955713524633      0.0000010
    -454.4859799070976578     -0.0005203
    -450.5950642428428523      0.0001332
    -446.7041485785880468     -0.0001156
    -442.8132329143332413     -0.0001917
    -438.9223172500784358      0.0000126
    -435.0314015858236303      0.0000221
    -431.1404859215688248     -0.0001256
    -427.2495702573805261     -0.0004094
    -423.3586545930591569     -0.0008932
    -419.4677389288043514      0.0001225
    -415.5768232646161096      0.0001903
    -411.6859076002947404      0.0007203
    -407.7949919360399349      0.0001031
    -403.9040762718517499     -0.0000328
    -400.0131606075969444     -0.0005069
    -396.1222449432755184     -0.0000342
    -392.2313292790872765      0.0001850
    -388.3404136148324710      0.0000321
    -384.4494979505776655      0.0006743
    -380.5585822863228600      0.0006022
    -376.6676666220680545      0.0007173
    -372.7767509578132490      0.0005875
    -368.8858352935584435      0.0012076
    -364.9949196293036380      0.0015614
    -361.1040039650488325      0.0010434
    -357.2130883007940270      0.0011740
    -353.3221726365392215      0.0008065
    -349.4312569722844160     -0.0001132
    -345.5403413080961172     -0.0000649
    -341.6494256437747481      0.0000515
    -337.7585099795199426      0.0005049
    -333.8675943153317007      0.0005512
    -329.9766786510103316      0.0003166
    -326.0857629867555261     -0.0001915
    -322.1948473225672842      0.0001447
    -318.3039316583124787     -0.0005695
    -314.4130159939911096     -0.0003536
    -310.5221003298028108     -0.0004910
    -306.6311846655480053     -0.0000402
    -302.7402690012266930     -0.0004952
    -298.8493533370384512      0.0005364
    -294.9584376727836457      0.0000958
    -291.0675220085288402     -0.0001765
    -287.1766063442740347      0.0006070
    -283.2856906800192291     -0.0000786
    -279.3947750157644236     -0.0000117
    -275.5038593515096181     -0.0000717
    -271.6129436872548126     -0.0006190
    -267.7220280230000071      0.0001769
    -263.8311123587452016     -0.0001838
    -259.9401966944903393     -0.0004554
    -256.0492810302355338      0.0006525
    -252.1583653660473203      0.0009280
    -248.2674497017925148     -0.0000500
    -244.3765340374711172      0.0004235
    -240.4856183732828754      0.0003064
    -236.5947027090280699     -0.0002645
    -232.7037870447067007     -0.0008317
    -228.8128713805184589     -0.0007360
    -224.9219557162636534      0.0000200
    -221.0310400520088479      0.0001329
    -217.1401243877540423      0.0005085
    -213.2492087234992084     -0.0000744
    -209.3582930592444029      0.0000279
    -205.4673773949895974      0.0003909
    -201.5764617307347919      0.0004538
    -197.6855460664799864      0.0004920
    -193.7946304022251809      0.0008817
    -189.9037147379703470      0.0012783
    -186.0127990737155415      0.0006118
    -182.1218834094607359      0.0002050
    -178.2309677452059304      0.0000870
    -174.3400520809511249      0.0000497
    -170.4491364166963194     -0.0002958
    -166.5582207525080776     -0.0016946
    -162.6673050881867084     -0.0009759
    -158.7763894239984381     -0.0020059
    -154.8854737597436610     -0.0020265
    -150.9945580954222919     -0.0018892
    -147.1036424312340500     -0.0030365
    -143.2127267669792445     -0.0034955
    -139.3218111027244390     -0.0046107
    -135.4308954384696335     -0.0063395
    -131.5399797742147996     -0.0062583
    -127.6490641099599941     -0.0086794
    -123.7581484457051886     -0.0106035
    -119.8672327814503831     -0.0125683
    -115.9763171171955776     -0.0158242
    -112.0854014529407578     -0.0184925
    -108.1944857886859523     -0.0197814
    -104.3035701244311468     -0.0230145
    -100.4126544601763271     -0.0275050
     -96.5217387959880995     -0.0325453
     -92.6308231316667161     -0.0376685
     -88.7399074674119106     -0.0432347
     -84.8489918032236687     -0.0491366
     -80.9580761389022996     -0.0559656
     -77.0671604746474941     -0.0637889
     -73.1762448104592522     -0.0712632
     -69.2853291462044325     -0.0815500
     -65.3944134818830634     -0.0912981
     -61.5034978176948215     -0.1028706
     -57.6125821534400089     -0.1155706
     -53.7216664891851963     -0.1304480
     -49.8307508249303908     -0.1451204
     -45.9398351606755853     -0.1624434
     -42.0489194964207726     -0.1808130
     -38.1580038321659671     -0.2012367
     -34.2670881679111545     -0.2239133
     -30.3761725036563490     -0.2481973
     -26.4852568394015400     -0.2742529
     -22.5943411751467309     -0.3039769
     -18.7034255108919254     -0.3344300
     -14.8125098467036800     -0.3684376
     -10.9215941823823055     -0.4064799
      -7.0306785181274973     -0.4465367
      -3.1397628539392555     -0.4893953
       0.7511528103821202     -0.5360450
       4.6420684746036454     -0.5950915
       8.5329841388584544     -0.6450564
      12.4238998030799799     -0.6983848
      16.3148154673680708     -0.7609636
      20.2057311316228798     -0.8276938
      24.0966467958444035     -0.8997343
      27.9875624601324979     -0.9770555
      31.8784781243873034     -1.0605044
      35.7693937886088307     -1.1496524
      39.6603094528636362     -1.2444302
      43.5512251171184488     -1.3464044
      47.4421407813732614     -1.4544859
      51.3330564456280598     -1.5711557
      55.2239721098495835     -1.6949093
      59.1148877741376850     -1.8273031
      63.0058034383592087     -1.9674329
      66.8967191026140142     -2.1171522
      70.7876347669021015     -2.2763839
      74.6785504311236252     -2.4451602
      78.5694660953784449     -2.6254687
      82.4603817595999686     -2.8159757
      86.3512974238880560     -3.0181878
      90.2422130881428615     -3.2325442
      94.1331287523643994     -3.4615676
      98.0240444166524867     -3.7017713
     101.9149600809072922     -3.9562669
     105.8058757451288159     -4.2258186
     109.6967914093836356     -4.5106726
     113.5877070736717087     -4.8113132
     117.4786227378932324     -5.1300850
     121.3695384021480521     -5.4670734
     125.2604540664361394     -5.8214622
     129.1513697306576773     -6.1957021
     133.0422853949124828     -6.5895681
     136.9332010591340065     -7.0061674
     140.8241167234220939     -7.4437151
     144.7150323876768994     -7.9040985
     148.6059480518984230     -8.3895350
     152.4968637161865104     -8.8995275
     156.3877793804413159     -9.4361324
     160.2786950446628680    -10.0001202
     164.1696107089176735    -10.5920792
     168.0605263731724790    -11.2133226
     171.9514420374272845    -11.8656120
     175.8423577016488082    -12.5502338
     179.7332733659369239    -13.2681875
     183.6241890301917294    -14.0225744
     187.5151046944132247    -14.8121424
     191.4060203586680302    -15.6390095
     195.2969360229561175    -16.5054321
     199.1878516871776696    -17.4126492
     203.0787673514324752    -18.3632526
     206.9696830156539704    -19.3561783
     210.8605986799420862    -20.3951759
     214.7515143441968917    -21.4834862
     218.6424300084184154    -22.6193848
     222.5333456727065311    -23.8058090
     226.4242613369613366    -25.0462208
     230.3151770011828319    -26.3420010
     234.2060926654376374    -27.6933899
     238.0970083297257247    -29.1052418
     241.9879239939472768    -30.5783463
     245.8788396582020823    -32.1148605
     249.7697553224901696    -33.7164268
     253.6606709867116933    -35.3872452
     257.5515866509664988    -37.1287880
     261.4425023151880509    -38.9431534
     265.3334179794761098    -40.8330536
     269.2243336437309154    -42.8014908
     273.1152493079524675    -44.8511124
     277.0061649722405832    -46.9837952
     280.8970806364620785    -49.2039490
     284.7879963007168840    -51.5140381
     288.6789119649716895    -53.9162064
     292.5698276292264950    -56.4146729
     296.4607432934813005    -59.0114937
     300.3516589577027958    -61.7113800
     304.2425746219909115    -64.5167542
     308.1334902862457170    -67.4307709
     312.0244059504672691    -70.4582748
     315.9153216147220746    -73.6008224
     319.8062372790101904    -76.8648376
     323.6971529432316856    -80.2524490
     327.5880686074864911    -83.7677917
     331.4789842717746069    -87.4152985
     335.3698999359961022    -91.1993332
     339.2608156002509077    -95.1236954
     343.1517312644724029    -99.1928177
     347.0426469287605187   -103.4104843
     350.9335625930153242   -107.7835617
     354.8244782572368763   -112.3139420
     358.7153939214916818   -117.0080032
     362.6063095857797975   -121.8712082
     366.4972252500012928   -126.9067535
     370.3881409142560983   -132.1208496
     374.2790565785109038   -137.5195007
     378.1699722427657093   -143.1080475
     382.0608879070205148   -148.8921814
     385.9518035712420101   -154.8757935
     389.8427192355301258   -161.0665894
     393.7336348997516779   -167.4701996
     397.6245505640064835   -174.0925446
     401.5154662282945992   -180.9403687
     405.4063818925160945   -188.0197449
     409.2972975567709000   -195.3367920
     413.1882132209923952   -202.8985748
     417.0791288852805110   -210.7126160
     420.9700445495353165   -218.7859192
     424.8609602137568118   -227.1249084
     428.7518758780449275   -235.7373505
     432.6427915422997330   -244.6310577
     436.5337072065212851   -253.8126068
     440.4246228707760906   -263.2913818
     444.3155385350642064   -273.0754089
     448.2064541992857016   -283.1725159
     452.0973698635405071   -293.5916138
     455.9882855278286229   -304.3394775
     459.8792011920501182   -315.4271240
     463.7701168563049237   -326.8628845
     467.6610325205264189   -338.6552124
     471.5519481848145347   -350.8134766
     475.4428638490693402   -363.3498535
     479.3337795132908923   -376.2712097
     483.2246951775790080   -389.5877686
     487.1156108418005033   -403.3117676
     491.0065265060553088   -417.4517822
     494.8974421703101143   -432.0205994
     498.7883578345649198   -447.0268555
     502.6792734988197253   -462.4834290
     506.5701891630412206   -478.3995056
     510.4611048273293363   -494.7890930
     514.3520204915841987   -511.6622314
     518.2429361558057508   -529.0333862
     522.1338518200604994   -546.9134521
     526.0247674843486720   -565.3142090
     529.9156831485701105   -584.2488403
     533.8065988128249728   -603.7307739
     537.6975144770464112   -623.7737427
     541.5884301413345838   -644.3914795
     545.4793458055893325   -665.5967407
     549.3702614698108846   -687.4041138
     553.2611771340989435   -709.8299561
     557.1520927983538058   -732.8882446
     561.0430084625752443   -756.5916748
     564.9339241268301066   -780.9586792
     568.8248397911181655   -806.0037842
     572.7157554553397176   -831.7407837
     576.6066711195944663   -858.1895142
     580.4975867838825252   -885.3649292
     584.3885024481041910   -913.2835693
     588.2794181123590533   -941.9637451
     592.1703337765804918   -971.4210205
     596.0612494408686644  -1001.6767578
     599.9521651051234130  -1032.7457275
     603.8430807693449651  -1064.6468506
     607.7339964336330240  -1097.4005127
     611.6249120978545761  -1131.0260010
     615.5158277621093248  -1165.5423584
     619.4067434263308769  -1200.9689941
     623.2976590906189358  -1237.3269043
     627.1885747548737982  -1274.6369629
     631.0794904190952366  -1312.9207764
     634.9704060833834092  -1352.1987305
     638.8613217476381578  -1392.4935303
     642.7522374118597099  -1433.8271484
     646.6431530761144586  -1476.2226562
     650.5340687404026312  -1519.7026367
     654.4249844046240696  -1564.2911377
     658.3159000688789320  -1610.0108643
     662.2068157331669909  -1656.8872070
     666.0977313973886567  -1704.9461670
     669.9886470616434053  -1754.2086182
     673.8795627258649574  -1804.7037354
     677.7704783901530163  -1856.4586182
     681.6613940544078787  -1909.4985352
     685.5523097186293171  -1963.8498535
     689.4432253828841795  -2019.5406494
     693.3341410471722384  -2076.5998535
     697.2250567113937905  -2135.0532227
     701.1159723756485391  -2194.9340820
     705.0068880399034015  -2256.2675781
     708.8978037041581501  -2319.0854492
     712.7887193684130125  -2383.4187012
     716.6796350326344509  -2449.2980957
     720.5705506969226235  -2516.7534180
     724.4614663611440619  -2585.7983398
     728.3523820253989243  -2656.5207520
     732.2432976896869832  -2728.9104004
     736.1342133539085353  -2803.0029297
     740.0251290181632839  -2878.8374023
     743.9160446823849497  -2956.4501953
     747.8069603466730086  -3035.8759766
     751.6978760109278710  -3117.1508789
     755.5887916751493094  -3200.3122559
     759.4797073394374820  -3285.3959961
     763.3706230036922307  -3372.4406738
     767.2615386679137828  -3461.4848633
     771.1524543321685314  -3552.5661621
     775.0433699964567040  -3645.7250977
     778.9342856606781424  -3741.0024414
     782.8252013249330048  -3838.4384766
     786.7161169892210637  -3938.0749512
     790.6070326534426158  -4039.9536133
     794.4979483176973645  -4144.1181641
     798.3888639819189166  -4250.6118164
     802.2797796462069755  -4359.4780273
     806.1706953104618378  -4470.7626953
     810.0616109746832763  -4584.5107422
     813.9525266389714488  -4700.7685547
     817.8434423031928873  -4819.5844727
     821.7343579674477496  -4941.0048828
     825.6252736317026120  -5065.0786133
     829.5161892959574743  -5191.8554688
     833.4071049602122230  -5321.3852539
     837.2980206244337751  -5453.7182617
     841.1889362886885237  -5588.9057617
     845.0798519529766963  -5727.0014648
     848.9707676171981348  -5868.0566406
     852.8616832814529971  -6012.1279297
     856.7525989457410560  -6159.2680664
     860.6435146099626081  -6309.5336914
     864.5344302742173568  -6462.9799805
     868.4253459384389089  -6619.6650391
     872.3162616027269678  -6779.6464844
     876.2071772669818301  -6942.9838867
     880.0980929312032686  -7109.7363281
     883.9890085954914412  -7279.9663086
     887.8799242597461898  -7453.7333984
     891.7708399239677419  -7631.1015625
     895.6617555882224906  -7812.1333008
     899.5526712525106632  -7996.8930664
     903.4435869167321016  -8185.4462891
     907.3345025809869639  -8377.8593750
     911.2254182452418263  -8574.2001953
     915.1163339094966886  -8774.5351562
     919.0072495737514373  -8978.9345703
     922.8981652379729894  -9187.4677734
     926.7890809022610483  -9400.2089844
     930.6799965664826004  -9617.2265625
     934.5709122307373491  -9838.5927734
     938.4618278950255217 -10064.3867188
     942.3527435592469601 -10294.6806641
     946.2436592235018225 -10529.5507812
     950.1345748877232609 -10769.0751953
     954.0254905520114335 -11013.3320312
     957.9164062162661821 -11262.4013672
     961.8073218804877342 -11516.3623047
     965.6982375447757931 -11775.2978516
     969.5891532090306555 -12039.2910156
     973.4800688732520939 -12308.4267578
     977.3709845375069563 -12582.7880859
     981.2619002017950152 -12862.4619141
     985.1528158660165673 -13147.5371094
     989.0437315302713159 -13438.1025391
     992.9346471944929817 -13734.2451172
     996.8255628587810406 -14036.0605469
    1000.7164785230359030 -14343.6386719
    1004.6073941872573414 -14657.0703125
    1008.4983098515455140 -14976.4570312
    1012.3892255158002627 -15301.8896484
    1016.2801411800218148 -15633.4687500
    1020.1710568442765634 -15971.2910156
    1024.0619725085646223 -16315.4580078
    1027.9528881727862881 -16666.0722656
    1031.8438038370409231 -17023.2324219
    1035.7347195012957854 -17387.0449219
    1039.6256351655506478 -17757.6152344
    1043.5165508298055101 -18135.0507812
    1047.4074664940269486 -18519.4609375
    1051.2983821583150075 -18910.9531250
    1055.1892978225366733 -19309.6386719
    1059.0802134867913082 -19715.6308594
    1062.9711291510795945 -20129.0429688
    1066.8620448153010329 -20549.9941406
    1070.7529604795558953 -20978.5957031
    1074.6438761437773337 -21414.9707031
    1078.5347918080653926 -21859.2363281
    1082.4257074723202550 -22311.5156250
    1086.3166231365416934 -22771.9335938
    1090.2075388008297523 -23240.6113281
    1094.0984544650846146 -23717.6777344
    1097.9893701293060531 -24203.2597656
    1101.8802857935609154 -24697.4843750
    1105.7712014578489743 -25200.4902344
    1109.6621171220706401 -25712.4023438
    1113.5530327863255025 -26233.3554688
    1117.4439484506135614 -26763.4902344
    1121.3348641148352272 -27302.9375000
    1125.2257797790898621 -27851.8417969
    1129.1166954433115279 -28410.3398438
    1133.0076111075993595 -28978.5781250
    1136.8985267718544492 -29556.6992188
    1140.7894424360756602 -30144.8515625
    1144.6803581003639465 -30743.1816406
    1148.5712737645853849 -31351.8417969
    1152.4621894288402473 -31970.9570312
    1156.3531050930948822 -32600.6914062
    1160.2440207573499720 -33241.2578125
    1164.1349364216046069 -33892.7773438
    1168.0258520858262727 -34555.4023438
    1171.9167677500809077 -35229.2968750
    1175.8076834143691940 -35914.6250000
    1179.6985990785904050 -36611.5507812
    1183.5895147428454948 -37320.2421875
    1187.4804304071333263 -38040.8671875
    1191.3713460713549921 -38773.6015625
    1195.2622617356096271 -39518.6093750
    1199.1531773998312929 -40276.0742188
    1203.0440930641195791 -41046.1757812
    1206.9350087283742141 -41829.0820312
    1210.8259243925958799 -42624.9882812
    1214.7168400568839388 -43434.0664062
    1218.6077557211388012 -44256.5078125
    1222.4986713853602396 -45092.5039062
    1226.3895870496151019 -45942.2382812
    1230.2805027139031608 -46805.9101562
    1234.1714183781245993 -47683.7109375
    1238.0623340423794616 -48575.8320312
    1241.9532497066343240 -49482.4843750
    1245.8441653708889589 -50403.8593750
    1249.7350810351438213 -51340.1679688
    1253.6259966993652597 -52291.6132812
    1257.5169123636535460 -53258.4023438
    1261.4078280278749844 -54240.7500000
    1265.2987436921298467 -55238.8671875
    1269.1896593564179057 -56252.9687500
    1273.0805750206395714 -57283.2773438
    1276.9714906848942064 -58330.0078125
    1280.8624063491158722 -59393.3867188
    1284.7533220134039311 -60473.6445312
    1288.6442376776585661 -61571.0000000
    1292.5351533418802319 -62685.6914062
    1296.4260690061682908 -63817.9453125
    1300.3169846704231531 -64968.0078125
    1304.2079003346445916 -66136.1093750
    1308.0988159988994539 -67322.4921875
    1311.9897316631875128 -68527.3984375
    1315.8806473274091786 -69751.0859375
    1319.7715629916638136 -70993.7890625
    1323.6624786558854794 -72255.7734375
    1327.5533943201733109 -73537.2890625
    1331.4443099844284006 -74838.5859375
    1335.3352256486498391 -76159.9375000
    1339.2261413129378980 -77501.6015625
    1343.1170569771925329 -78863.8359375
    1347.0079726414141987 -80246.9218750
    1350.8988883056690611 -81651.1328125
    1354.7898039699239234 -83076.7343750
    1358.6807196341785584 -84524.0078125
    1362.5716352984334208 -85993.2343750
    1366.4625509626885105 -87484.7031250
    1370.3534666269431455 -88998.6875000
    1374.2443822911648112 -90535.5000000
    1378.1352979554194462 -92095.4140625
    1382.0262136197075051 -93678.7343750
    1385.9171292839289436 -95285.7500000
    1389.8080449481840333 -96916.7890625
    1393.6989606124718648 -98572.1328125
    1397.5898762766935306-100252.1015625
    1401.4807919409481656-101957.0000000
    1405.3717076051698314-103687.1484375
    1409.2626232694578903-105442.8750000
    1413.1535389337127526-107224.4843750
    1417.0444545979341910-109032.3125000
    1420.9353702622224773-110866.6875000
    1424.8262859264771123-112727.9453125
    1428.7172015906987781-114616.4218750
    1432.6081172549534131-116532.4453125
    1436.4990329192414720-118476.3750000
    1440.3899485834629104-120448.5468750
    1444.2808642477180001-122449.3281250
    1448.1717799120058316-124479.0234375
    1452.0626955762274974-126538.0390625
    1455.9536112404823598-128626.7265625
    1459.8445269047037982-130745.4453125
    1463.7354425689920845-132894.5625000
    1467.6263582332467195-135074.4531250
    1471.5172738974683853-137285.5000000
    1475.4081895617230202-139528.0625000
    1479.2991052259778826-141802.5468750
    1483.1900208902327449-144109.3125000
    1487.0809365544876073-146448.7812500
    1490.9718522187422423-148821.3437500
    1494.8627678829971046-151227.3906250
    1498.7536835472185430-153667.3125000
    1502.6445992114734054-156141.5468750
    1506.5355148757614643-158650.4843750
    1510.4264305399831301-161194.5312500
    1514.3173462042377651-163774.1406250
    1518.2082618685260513-166389.7031250
    1522.0991775327474897-169041.6562500
    1525.9900931970023521-171730.4531250
    1529.8810088612240179-174456.5000000
    1533.7719245255118494-177220.2500000
    1537.6628401897669391-180022.1562500
    1541.5537558539881502-182862.6718750
    1545.4446715182764365-185742.2187500
    1549.3355871825310714-188661.2968750
    1553.2265028467527372-191620.3281250
    1557.1174185110073722-194619.8125000
    1561.0083341752956585-197660.2031250
    1564.8992498395170969-200741.9843750
    1568.7901655037719593-203865.6406250
    1572.6810811680265942-207031.6562500
    1576.5719968322816840-210240.5000000
    1580.4629124965363189-213492.7031250
    1584.3538281607579847-216788.7343750
    1588.2447438250458163-220129.1093750
    1592.1356594892674821-223514.3437500
    1596.0265751535221170-226944.9531250
    1599.9174908178104033-230421.4375000
    1603.8084064820318417-233944.3437500
    1607.6993221462867041-237514.1875000
    1611.5902378105083699-241131.5000000
    1615.4811534747964288-244796.8437500
    1619.3720691390512911-248510.7187500
    1623.2629848032727296-252273.7187500
    1627.1539004675275919-256086.3750000
    1631.0448161318156508-259949.2500000
    1634.9357317960370892-263862.9062500
    1638.8266474602919516-267827.9375000
    1642.7175631245800105-271844.8750000
    1646.6084787888014489-275914.3437500
    1650.4993944530563112-280036.9062500
    1654.3903101172777497-284213.1562500
    1658.2812257815660359-288443.6875000
    1662.1721414458206709-292729.0937500
    1666.0630571100423367-297070.0312500
    1669.9539727743303956-301467.0625000
    1673.8448884385852580-305920.8125000
    1677.7358041028066964-310431.9375000
    1681.6267197670615587-315001.0312500
    1685.5176354313161937-319628.7500000
    1689.4085510955710561-324315.7500000
    1693.2994667598261458-329062.6562500
    1697.1903824240807808-333870.0937500
    1701.0812980883356431-338738.8125000
    1704.9722137525570815-343669.3750000
    1708.8631294168119439-348662.5312500
    1712.7540450811000028-353718.9375000
    1716.6449607453216686-358839.2500000
    1720.5358764095763036-364024.1875000
    1724.4267920738645898-369274.4375000
    1728.3177077380858009-374590.6875000
    1732.2086234023408906-379973.6562500
    1736.0995390665621017-385424.0937500
    1739.9904547308503879-390942.6875000
    1743.8813703951050229-396530.1562500
    1747.7722860593266887-402187.2500000
    1751.6632017236147476-407914.7187500
    1755.5541173878696100-413713.2812500
    1759.4450330520910484-419583.7187500
    1763.3359487163459107-425526.7812500
    1767.2268643806339696-431543.2500000
    1771.1177800448556354-437633.8750000
    1775.0086957091104978-443799.4375000
    1778.8996113733651327-450040.7500000
    1782.7905270376199951-456358.6250000
    1786.6814427018748574-462753.7812500
    1790.5723583660962959-469227.0937500
    1794.4632740303843548-475779.3750000
    1798.3541896946060206-482411.4375000
    1802.2451053588606555-489124.0937500
    1806.1360210231155179-495918.1875000
    1810.0269366873703802-502794.5937500
    1813.9178523516252426-509754.1250000
    1817.8087680158466810-516797.6562500
    1821.6996836801347399-523926.0625000
    1825.5905993443896023-531140.1875000
    1829.4815150086110407-538440.9375000
    1833.3724306728659030-545829.1875000
    1837.2633463371539619-553305.8750000
    1841.1542620013754004-560871.8750000
    1845.0451776656302627-568528.0625000
    1848.9360933299183216-576275.3750000
    1852.8270089941399874-584114.8125000
    1856.7179246583948498-592047.2500000
    1860.6088403226162882-600073.5625000
    1864.4997559869045745-608194.8125000
    1868.3906716511592094-616411.9375000
    1872.2815873153808752-624725.8750000
