Scan:      1         M31S-540 2020-06-04 +06 51 12.5
          RADIO                  Ta    
        km/s-LSR                 I
   -1111.8811373577923405     -0.1163390
   -1108.1126347086396891     -0.1144745
   -1104.3441320594870376     -0.1129463
   -1100.5756294104010067     -0.1112019
   -1096.8071267612483553     -0.1088708
   -1093.0386241120957038     -0.1073445
   -1089.2701214630094455     -0.1043337
   -1085.5016188138567941     -0.0994938
   -1081.7331161647707631     -0.0945167
   -1077.9646135156181117     -0.0880492
   -1074.1961108664654603     -0.0804193
   -1070.4276082173789746     -0.0713333
   -1066.6591055681599300     -0.0610011
   -1062.8906029190736717     -0.0526147
   -1059.1221002699210203     -0.0428379
   -1055.3535976208349894     -0.0354404
   -1051.5850949716823379     -0.0283679
   -1047.8165923225296865     -0.0225424
   -1044.0480896734436556     -0.0177554
   -1040.2795870242907768     -0.0132445
   -1036.5110843751381253     -0.0103820
   -1032.7425817260520944     -0.0078496
   -1028.9740790768994430     -0.0058958
   -1025.2055764277467915     -0.0049334
   -1021.4370737786606469     -0.0030147
   -1017.6685711295079955     -0.0020200
   -1013.9000684803552303     -0.0015436
   -1010.1315658312690857     -0.0010720
   -1006.3630631821164343      0.0002023
   -1002.5945605330302897      0.0000971
    -998.8260578838110177      0.0003387
    -995.0575552347249868      0.0001432
    -991.2890525855722217     -0.0005803
    -987.5205499364195703      0.0002128
    -983.7520472873335393      0.0003149
    -979.9835446381807742      0.0003418
    -976.2150419890947433      0.0002515
    -972.4465393399420918     -0.0000272
    -968.6780366907893267     -0.0001974
    -964.9095340417031821      0.0003844
    -961.1410313925505307      0.0002679
    -957.3725287433977655     -0.0003375
    -953.6040260943117346     -0.0002913
    -949.8355234451590832     -0.0002451
    -946.0670207960063181     -0.0001991
    -942.2985181469202871     -0.0001531
    -938.5300154977676357     -0.0001072
    -934.7615128486148706     -0.0000613
    -930.9930101994622191     -0.0000155
    -927.2245075503760745      0.0000302
    -923.4560049012233094      0.0000758
    -919.6875022520706580     -0.0003401
    -915.9189996029846270     -0.0002878
    -912.1504969538318619     -0.0001326
    -908.3819943047458310      0.0004434
    -904.6134916555931795     -0.0004821
    -900.8449890064404144     -0.0006845
    -897.0764863573542698     -0.0008337
    -893.3079837082016184      0.0000084
    -889.5394810590488532      0.0000946
    -885.7709784099628223     -0.0001152
    -882.0024757608101709     -0.0003935
    -878.2339731116575194     -0.0000366
    -874.4654704625047543     -0.0000158
    -870.6969678134187234      0.0004276
    -866.9284651642660720      0.0007465
    -863.1599625151133068      0.0000337
    -859.3914598660272759      0.0006525
    -855.6229572168746245     -0.0003890
    -851.8544545677218593     -0.0004502
    -848.0859519186357147      0.0001724
    -844.3174492694830633      0.0000935
    -840.5489466203302982     -0.0000927
    -836.7804439712442672     -0.0000102
    -833.0119413220916158      0.0001583
    -829.2434386730054712      0.0001017
    -825.4749360238528197      0.0004365
    -821.7064333747001683      0.0001165
    -817.9379307256139100      0.0001343
    -814.1694280763947518      0.0001522
    -810.4009254273086071      0.0001700
    -806.6324227781558420      0.0001878
    -802.8639201290698111      0.0002601
    -799.0954174799171597      0.0003325
    -795.3269148307643945      0.0004048
    -791.5584121816783636      0.0004772
    -787.7899095325257122      0.0005495
    -784.0214068833729470      0.0006218
    -780.2529042342869161      0.0006942
    -776.4844015851342647      0.0007665
    -772.7158989359814996     -0.0005280
    -768.9473962868953549      0.0003378
    -765.1788936377427035     -0.0001418
    -761.4103909886565589     -0.0012057
    -757.6418883395039074     -0.0003271
    -753.8733856903512560      0.0004716
    -750.1048830412651114      0.0001677
    -746.3363803920458395     -0.0000195
    -742.5678777429598085     -0.0002113
    -738.7993750938071571     -0.0005760
    -735.0308724447208988     -0.0011313
    -731.2623697955682474     -0.0009981
    -727.4938671464155959     -0.0003855
    -723.7253644973294513      0.0003447
    -719.9568618481767999     -0.0005384
    -716.1883591990241484     -0.0010456
    -712.4198565499380038     -0.0001177
    -708.6513539007853524     -0.0000241
    -704.8828512516327010     -0.0003194
    -701.1143486025464426     -0.0005103
    -697.3458459533937912     -0.0002861
    -693.5773433042411398     -0.0004363
    -689.8088406551549951     -0.0004053
    -686.0403380060023437     -0.0006197
    -682.2718353569161991      0.0004298
    -678.5033327076969272      0.0003788
    -674.7348300586108962      0.0001690
    -670.9663274094582448      0.0001747
    -667.1978247603054797      0.0001170
    -663.4293221112194487      0.0000702
    -659.6608194620667973      0.0005047
    -655.8923168129805390     -0.0000680
    -652.1238141638278876      0.0006684
    -648.3553115146752361      0.0009202
    -644.5868088655890915      0.0004294
    -640.8183062164364401      0.0001610
    -637.0498035672837887      0.0002998
    -633.2813009181976440      0.0000151
    -629.5127982690449926      0.0006673
    -625.7442956198923412     -0.0002639
    -621.9757929707395760     -0.0002074
    -618.2072903216534314      0.0001271
    -614.4387876725674005      0.0007951
    -610.6702850233480149      0.0007425
    -606.9017823742619839      0.0006594
    -603.1332797251093325     -0.0005088
    -599.3647770759566811     -0.0007633
    -595.5962744268705364      0.0003179
    -591.8277717777178850     -0.0002380
    -588.0592691286317404      0.0001120
    -584.2907664794790890      0.0002130
    -580.5222638303264375     -0.0005077
    -576.7537611812401792     -0.0011767
    -572.9852585320875278      0.0001337
    -569.2167558829348764      0.0002702
    -565.4482532338487317      0.0004126
    -561.6797505846960803      0.0006349
    -557.9112479355434289      0.0008297
    -554.1427452863907774      0.0004801
    -550.3742426373046328      0.0001111
    -546.6057399881519814      0.0005296
    -542.8372373389993299      0.0008077
    -539.0687346899130716      0.0002030
    -535.3002320407604202      0.0001089
    -531.5317293916077688      0.0002343
    -527.7632267425216241     -0.0005228
    -523.9947240933689727     -0.0004306
    -520.2262214442163213     -0.0007035
    -516.4577187951301767     -0.0004320
    -512.6892161459775252     -0.0001779
    -508.9207134968913806      0.0001732
    -505.1522108477386723      0.0001008
    -501.3837081985860209     -0.0005617
    -497.6152055494998763     -0.0003425
    -493.8467029002806612     -0.0005673
    -490.0782002511945166      0.0007672
    -486.3096976020418083      0.0001644
    -482.5411949529557774     -0.0008079
    -478.7726923038030691     -0.0001622
    -475.0041896546503608     -0.0003302
    -471.2356870055642730     -0.0002964
    -467.4671843564115647     -0.0004706
    -463.6986817072589133      0.0002529
    -459.9301790581728255     -0.0004239
    -456.1616764090200604     -0.0011917
    -452.3931737598674090     -0.0000384
    -448.6246711107813212     -0.0001996
    -444.8561684616286129     -0.0002609
    -441.0876658125424683      0.0000758
    -437.3191631633898169      0.0004402
    -433.5506605142371086      0.0006325
    -429.7821578651510208      0.0004026
    -426.0136552159317489      0.0004392
    -422.2451525668456611     -0.0002172
    -418.4766499176930097      0.0000299
    -414.7081472686068651      0.0000939
    -410.9396446194541568     -0.0000079
    -407.1711419703015054     -0.0002744
    -403.4026393212154176     -0.0001878
    -399.6341366720627093      0.0006496
    -395.8656340229100579      0.0001682
    -392.0971313738239132     -0.0003860
    -388.3286287246712050     -0.0004908
    -384.5601260755185535     -0.0000302
    -380.7916234264324089      0.0002079
    -377.0231207772797006      0.0001519
    -373.2546181281270492     -0.0000959
    -369.4861154789743409     -0.0001432
    -365.7176128298882531      0.0008426
    -361.9491101807356017     -0.0000217
    -358.1806075315828934     -0.0001529
    -354.4121048824967488     -0.0000863
    -350.6436022333440974      0.0005201
    -346.8750995841913891      0.0010675
    -343.1065969351053582      0.0005607
    -339.3380942859526499      0.0000196
    -335.5695916368665053      0.0002658
    -331.8010889877138538     -0.0002453
    -328.0325863385611456      0.0002801
    -324.2640836894750009     -0.0004190
    -320.4955810403223495      0.0001064
    -316.7270783911696412     -0.0000369
    -312.9585757420835535      0.0005515
    -309.1900730929309020     -0.0007636
    -305.4215704437781937     -0.0006435
    -301.6530677946255423     -0.0006521
    -297.8845651455393977     -0.0001344
    -294.1160624963866894      0.0000102
    -290.3475598472340380     -0.0002956
    -286.5790571981479502      0.0002825
    -282.8105545489952419     -0.0002946
    -279.0420518998425905     -0.0004785
    -275.2735492507564459      0.0005644
    -271.5050466016037376      0.0000682
    -267.7365439525175930     -0.0005861
    -263.9680413033649415     -0.0003002
    -260.1995386542122901      0.0008993
    -256.4310360051261455      0.0006738
    -252.6625333559734941     -0.0002436
    -248.8940307068208142     -0.0003723
    -245.1255280577346980      0.0002842
    -241.3570254085820181      0.0001583
    -237.5885227594293383      0.0000154
    -233.8200201102766300      0.0000268
    -230.0515174611905138      0.0000215
    -226.2830148120378340     -0.0002500
    -222.5145121628851541     -0.0002690
    -218.7460095137990379     -0.0000889
    -214.9775068646463581     -0.0004707
    -211.2090042154936782     -0.0001526
    -207.4405015664075620      0.0003174
    -203.6719989172548821      0.0003234
    -199.9034962681022023      0.0000841
    -196.1349936190160861     -0.0000705
    -192.3664909698634062     -0.0001098
    -188.5979883207772900      0.0001229
    -184.8294856716246102      0.0002344
    -181.0609830224719303     -0.0003169
    -177.2924803733857857      0.0004527
    -173.5239777241665706      0.0001486
    -169.7554750750804260      0.0000016
    -165.9869724259277461     -0.0005153
    -162.2184697768416299     -0.0002029
    -158.4499671276889501      0.0007120
    -154.6814644785362702      0.0007306
    -150.9129618294501824      0.0006256
    -147.1444591802974742      0.0000455
    -143.3759565311447943     -0.0002020
    -139.6074538820587065     -0.0005584
    -135.8389512329060267     -0.0003006
    -132.0704485837533184     -0.0000911
    -128.3019459346672022      0.0004710
    -124.5334432855145224     -0.0004677
    -120.7649406364284204     -0.0003766
    -116.9964379872091627     -0.0004035
    -113.2279353381230464     -0.0006783
    -109.4594326889703666      0.0004600
    -105.6909300398176867      0.0005839
    -101.9224273907315848      0.0005104
     -98.1539247415788907     -0.0004897
     -94.3854220924927745     -0.0005694
     -90.6169194433400946     -0.0024197
     -86.8484167941874148      0.0009411
     -83.0799141451012986      0.0013772
     -79.3114114959486187      0.0023463
     -75.5429088467959389      0.0036056
     -71.7744061977098227      0.0040959
     -68.0059035485571428      0.0045827
     -64.2374008994044630      0.0058961
     -60.4688982503183468     -0.0070070
     -56.7003956011656598     -0.0258538
     -52.9318929520129728      0.0069049
     -49.1633903028602930      0.0090783
     -45.3948876537741839      0.0112697
     -41.6263850046215040      0.0136003
     -37.8578823554688100      0.0157892
     -34.0893797063827009      0.0176231
     -30.3208770572300210      0.0191655
     -26.5523744080773412      0.0222147
     -22.7838717589912214      0.0264709
     -19.0153691098385416      0.0294777
     -15.2468664607524254      0.0328739
     -11.4783638115997455      0.0372360
      -7.7098611624470630      0.0424114
      -3.9413585133609481      0.0464069
      -0.1728558642082663      0.0526669
       3.5956467849444156      0.0589660
       7.3641494340638136      0.0659279
      11.1326520831832134      0.0728454
      14.9011547323358933      0.0799749
      18.6696573814552949      0.0884336
      22.4381600305746893      0.0984443
      26.2066626796940909      0.1090736
      29.9751653288467708      0.1201267
      33.7436679779661688      0.1330341
      37.5121706270855668      0.1446815
      41.2806732762715356      0.1588966
      45.0491759253909336      0.1740008
      48.8176785745103317      0.1899452
      52.5861812236297297      0.2072911
      56.3546838727824095      0.2259556
      60.1231865219018076      0.2460349
      63.8916891710212056      0.2676834
      67.6601918201738926      0.2901735
      71.4286944692932906      0.3154896
      75.1971971184126886      0.3423655
      78.9656997675320866      0.3692487
      82.7342024166847665      0.3993126
      86.5027050658041645      0.4319661
      90.2712077149235625      0.4663801
      94.0397103640762566      0.5034229
      97.8082130131956404      0.5426828
     101.5767156623150385      0.5829852
     105.3452183114344365      0.6275012
     109.1137209606204124      0.6751292
     112.8822236097397962      0.7243413
     116.6507262588591942      0.7779213
     120.4192289080118741      0.8362257
     124.1877315571312863      0.8933564
     127.9562342062506843      0.9561586
     131.7247368553700824      1.0242639
     135.4932395045227622      1.0941038
     139.2617421536421602      1.1691465
     143.0302448027615583      1.2486818
     146.7987474518809563      1.3327432
     150.5672501010336362      1.4211153
     154.3357527501530342      1.5149056
     158.1042553992724322      1.6146772
     161.8727580484251121      1.7188206
     165.6412606975445101      1.8287140
     169.4097633466639081      1.9449865
     173.1782659957833346      2.0676408
     176.9467686449692678      2.1973679
     180.7152712940886943      2.3322735
     184.4837739432080639      2.4747462
     188.2522765923607437      2.6248803
     192.0207792414801702      2.7829671
     195.7892818905995398      2.9492874
     199.5577845397189378      3.1242685
     203.3262871888716461      3.3068655
     207.0947898379910441      3.4993267
     210.8632924871104137      3.7020392
     214.6317951362630936      3.9145799
     218.4002977853825200      4.1367383
     222.1688004345018896      4.3696666
     225.9373030836213161      4.6144137
     229.7058057328072493      4.8711739
     233.4743083819266758      5.1393542
     237.2428110310460738      5.4209218
     241.0113136801987537      5.7160611
     244.7798163293181517      6.0238314
     248.5483189784375497      6.3455830
     252.3168216275569478      6.6823969
     256.0853242767096276      7.0349536
     259.8538269258290256      7.4035177
     263.6223295749484237      7.7883720
     267.3908322241011319      8.1913538
     271.1593348732204731      8.6115417
     274.9278375223398712      9.0511351
     278.6963401714593260      9.5082636
     282.4648428206119775      9.9856987
     286.2333454697313755     10.4840431
     290.0018481188507735     11.0041389
     293.7703507680367352     11.5465021
     297.5388534171561332     12.1104088
     301.3073560662755881     12.6998072
     305.0758587153949293     13.3137379
     308.8443613645476375     13.9527102
     312.6128640136670356     14.6183777
     316.3813666627863768     15.3110313
     320.1498693119058316     16.0329933
     323.9183719610585399     16.7836475
     327.6868746101778811     17.5644608
     331.4553772592972791     18.3761711
     335.2238799084499874     19.2212696
     338.9923825575693854     20.1000538
     342.7608852066887835     21.0124702
     346.5293878558081815     21.9620056
     350.2978905049608329     22.9474697
     354.0663931540802309     23.9727840
     357.8348958031996858     25.0374966
     361.6033984523856475     26.1414299
     365.3719011015050455     27.2890434
     369.1404037506243867     28.4796867
     372.9089063997437847     29.7152290
     376.6774090488964930     30.9961128
     380.4459116980158910     32.3272820
     384.2144143471352891     33.7060051
     387.9829169962879973     35.1370125
     391.7514196454073385     36.6208763
     395.5199222945267934     38.1580849
     399.2884249436461914     39.7518692
     403.0569275927988429     41.4030266
     406.8254302419182409     43.1138077
     410.5939328910376389     44.8859978
     414.3624355401902903     46.7212410
     418.1309381893097452     48.6224747
     421.8994408384291432     50.5895348
     425.6679434875484844     52.6272202
     429.4364461367345029     54.7358971
     433.2049487858538441     56.9168358
     436.9734514349732990     59.1727943
     440.7419540841260073     61.5079002
     444.5104567332453485     63.9240189
     448.2789593823647465     66.4214706
     452.0474620314842014     69.0039062
     455.8159646806368528     71.6745377
     459.5844673297562508     74.4346313
     463.3529699788756488     77.2878723
     467.1214726279949900     80.2357025
     470.8899752771476983     83.2807617
     474.6584779262671532     86.4267960
     478.4269805753864944     89.6772156
     482.1954832245725129     93.0333557
     485.9639858736918541     96.4988708
     489.7324885228112521    100.0767212
     493.5009911719307070    103.7708435
     497.2694938210833584    107.5838547
     501.0379964702027564    111.5182877
     504.8064991193221545    115.5780411
     508.5750017684748059    119.7669907
     512.3435044175942039    124.0882416
     516.1120070667136588    128.5459900
     519.8805097158331137    133.1424561
     523.6490123649857651    137.8830566
     527.4175150141051063    142.7712402
     531.1860176632244475    147.8108673
     534.9545203123772126    153.0043030
     538.7230229614965538    158.3583069
     542.4915256106160086    163.8745728
     546.2600282597354635    169.5594940
     550.0285309089214252    175.4166565
     553.7970335580407664    181.4501648
     557.5655362071601076    187.6660919
     561.3340388563128727    194.0666656
     565.1025415054322139    200.6579590
     568.8710441545515550    207.4443207
     572.6395468036710099    214.4336700
     576.4080494528236613    221.6271820
     580.1765521019431162    229.0316467
     583.9450547510625711    236.6522827
     587.7135574002152225    244.4947968
     591.4820600493345637    252.5643463
     595.2505626984540186    260.8674011
     599.0190653475733598    269.4089966
     602.7875679967260112    278.1952209
     606.5560706458454661    287.2310486
     610.3245732949648072    296.5252686
     614.0930759440842621    306.0805969
     617.8615785932702238    315.9063721
     621.6300812423896787    326.0087891
     625.3985838915090198    336.3933716
     629.1670865406617850    347.0674133
     632.9355891897811262    358.0375977
     636.7040918389004673    369.3117371
     640.4725944880199222    380.8973999
     644.2410971371725736    392.8009033
     648.0095997862919148    405.0295105
     651.7781024354113697    417.5916748
     655.5466050845640211    430.4942932
     659.3151077336834760    443.7463379
     663.0836103828029309    457.3577576
     666.8521130319222721    471.3338623
     670.6206156810749235    485.6834412
     674.3891183301943784    500.4157410
     678.1576209793137195    515.5411377
     681.9261236284996812    531.0658569
     685.6946262776191361    547.0001831
     689.4631289267384773    563.3542480
     693.2316315758578185    580.1361694
     697.0001342250104699    597.3563843
     700.7686368741300384    615.0246582
     704.5371395232493796    633.1518555
     708.3056421724020311    651.7476196
     712.0741448215214859    670.8223877
     715.8426474706408271    690.3857422
     719.6111501197602820    710.4500122
     723.3796527689129334    731.0201416
     727.1481554180322746    752.1080933
     730.9166580671518432    773.7561646
     734.6851607163376912    795.9346924
     738.4536633654571460    818.6716309
     742.2221660145764872    841.9774780
     745.9906686636959421    865.8660889
     749.7591713128485935    890.3482056
     753.5276739619679347    915.4403076
     757.2961766110873896    941.1511841
     761.0646792602400410    967.4964600
     764.8331819093593822    994.4886475
     768.6016845584788371   1022.1419067
     772.3701872075982919   1050.4715576
     776.1386898567509434   1079.4902344
     779.9071925058703982   1109.2116699
     783.6756951549897394   1139.6524658
     787.4441978041090806   1170.8264160
     791.2127004532618457   1202.7493896
     794.9812031023811869   1235.4370117
     798.7497057515005281   1268.9051514
     802.5182084006866035   1303.1689453
     806.2867110498059446   1338.2451172
     810.0552136989252858   1374.1522217
     813.8237163480448544   1410.9055176
     817.5922189971975058   1448.5205078
     821.3607216463168470   1487.0195312
     825.1292242954363019   1526.4161377
     828.8977269445889533   1566.7291260
     832.6662295937082945   1607.9798584
     836.4347322428277494   1650.1842041
     840.2032348919470905   1693.3616943
     843.9717375410997420   1737.5314941
     847.7402401902191968   1782.7153320
     851.5087428393386517   1828.9313965
     855.2772454884913031   1876.2011719
     859.0457481376107580   1924.5446777
     862.8142507867300992   1973.9840088
     866.5827534358494404   2024.5399170
     870.3512560850354021   2076.2331543
     874.1197587341548569   2129.0871582
     877.8882613832741981   2183.1247559
     881.6567640324268496   2238.3693848
     885.4252666815463044   2294.8437500
     889.1937693306656456   2352.5700684
     892.9622719797851005   2411.5737305
     896.7307746289378656   2471.8796387
     900.4992772780572068   2533.5122070
     904.2677799271765480   2596.4960938
     908.0362825763293131   2660.8579102
     911.8047852254486543   2726.6232910
     915.5732878745679955   2793.8176270
     919.3417905236874503   2862.4707031
     923.1102931728734120   2932.6081543
     926.8787958219595566   3004.2563477
     930.6472984710790115   3077.4458008
     934.4158011201983527   3152.2041016
     938.1843037693843144   3228.5610352
     941.9528064185037692   3306.5451660
     945.7213090676231104   3386.1882324
     949.4898117167757619   3467.5200195
     953.2583143658952167   3550.5712891
     957.0268170150145579   3635.3725586
     960.7953196641338991   3721.9572754
     964.5638223132866642   3810.3574219
     968.3323249624061191   3900.6059570
     972.1008276115254603   3992.7360840
     975.8693302606782254   4086.7834473
     979.6378329097975666   4182.7807617
     983.4063355589169078   4280.7631836
     987.1748382080363626   4380.7680664
     990.9433408572223243   4482.8286133
     994.7118435063416655   4586.9843750
     998.4803461554611204   4693.2719727
    1002.2488488046137718   4801.7275391
    1006.0173514537331130   4912.3916016
    1009.7858541028526815   5025.3012695
    1013.5543567519720227   5140.4975586
    1017.3228594011246742   5258.0185547
    1021.0913620502441290   5377.9072266
    1024.8598646993634702   5500.2036133
    1028.6283673485161216   5624.9516602
    1032.3968699976355765   5752.1923828
    1036.1653726467550314   5881.9677734
    1039.9338752958742589   6014.3237305
    1043.7023779450269103   6149.3027344
    1047.4708805941463652   6286.9526367
    1051.2393832432658201   6427.3164062
    1055.0078858924516680   6570.4423828
    1058.7763885415711229   6716.3779297
    1062.5448911906905778   6865.1694336
    1066.3133938398100327   7016.8666992
    1070.0818964889626841   7171.5185547
    1073.8503991380821390   7329.1757812
    1077.6189017872013665   7489.8867188
    1081.3874044363208213   7653.7050781
    1085.1559070854737001   7820.6816406
    1088.9244097345929276   7990.8686523
    1092.6929123837123825   8164.3212891
    1096.4614150328650339   8341.0917969
    1100.2299176819842614   8521.2363281
    1103.9984203311037163   8704.8095703
    1107.7669229802233986   8891.8681641
    1111.5354256293760500   9082.4707031
    1115.3039282784952775   9276.6757812
    1119.0724309276147324   9474.5410156
    1122.8409335768005803   9676.1279297
    1126.6094362259200352   9881.4970703
    1130.3779388750392627  10090.7773438
    1134.1464415241589450  10303.9990234
    1137.9149441733115964  10521.0898438
    1141.6834468224310513  10742.2089844
    1145.4519494715502788  10967.4287109
    1149.2204521207029302  11196.8125000
    1152.9889547698223851  11430.4267578
    1156.7574574189418399  11668.3417969
    1160.5259600680612948  11910.6240234
    1164.2944627172139462  12157.3427734
    1168.0629653663331737  12408.5722656
    1171.8314680154526286  12664.3798828
    1175.5999706646384766  12924.8388672
    1179.3684733137581588  13190.0244141
    1183.1369759628441898  13460.0097656
    1186.9054786119636447  13734.8720703
    1190.6739812611494926  14014.6845703
    1194.4424839102689475  14299.5263672
    1198.2109865593881750  14589.4765625
    1201.9794892085410538  14884.6152344
    1205.7479918576605087  15185.0205078
    1209.5164945067797362  15490.7783203
    1213.2849971558991911  15801.9658203
    1217.0534998050518425  16118.6708984
    1220.8220024541712974  16440.9765625
    1224.5905051032907522  16768.9707031
    1228.3590077524102071  17102.7382812
    1232.1275104015628585  17442.3691406
    1235.8960130506820860  17787.9531250
    1239.6645156998015409  18139.5800781
    1243.4330183489873889  18497.3417969
    1247.2015209981068438  18861.3300781
    1250.9700236472262986  19231.6425781
    1254.7385262963457535  19608.3691406
    1258.5070289454984049  19991.6113281
    1262.2755315946178598  20381.4667969
    1266.0440342437370873  20778.0332031
    1269.8125368928897387  21181.4082031
    1273.5810395420094210  21591.6972656
    1277.3495421911286485  22009.0039062
    1281.1180448402481034  22433.4296875
    1284.8865474894007548  22865.0800781
    1288.6550501385199823  23304.0664062
    1292.4235527876394372  23750.4902344
    1296.1920554367923160  24204.4648438
    1299.9605580859117708  24666.1035156
    1303.7290607350309983  25135.5156250
    1307.4975633841504532  25612.8125000
    1311.2660660333363012  26098.1171875
    1315.0345686824557561  26591.5371094
    1318.8030713315752109  27093.1972656
    1322.5715739807278624  27603.2128906
    1326.3400766298473172  28121.7089844
    1330.1085792789665447  28648.8027344
    1333.8770819280859996  29184.6230469
    1337.6455845772386510  29729.2949219
    1341.4140872263583333  30282.9414062
    1345.1825898754775608  30845.6953125
    1348.9510925246302122  31417.6835938
    1352.7195951737496671  31999.0449219
    1356.4880978228688946  32589.9042969
    1360.2566004719883495  33190.3984375
    1364.0251031211412283  33800.6679688
    1367.7936057702604558  34420.8476562
    1371.5621084193799106  35051.0781250
    1375.3306110685657586  35691.5000000
    1379.0991137176852135  36342.2617188
    1382.8676163668046684  37003.5039062
    1386.6361190159241232  37675.3710938
    1390.4046216650767747  38358.0195312
    1394.1731243141962295  39051.5937500
    1397.9416269633154570  39756.2460938
    1401.7101296124349119  40472.1289062
    1405.4786322615875633  41199.4023438
    1409.2471349107070182  41938.2226562
    1413.0156375598264731  42688.7500000
    1416.7841402089791245  43451.1406250
    1420.5526428580985794  44225.5820312
    1424.3211455072178069  45012.2187500
    1428.0896481563372618  45811.1640625
    1431.8581508055231097  46622.6757812
    1435.6266534546427920  47446.8867188
    1439.3951561037288229  48283.9765625
    1443.1636587529146709  49134.1132812
    1446.9321614020341258  49997.4804688
    1450.7006640511533533  50874.2539062
    1454.4691667002728082  51764.6132812
    1458.2376693494256870  52668.7421875
    1462.0061719985451418  53586.8281250
    1465.7746746476643693  54519.0546875
    1469.5431772968170208  55465.6132812
    1473.3116799459364756  56426.6953125
    1477.0801825950557031  57402.5000000
    1480.8486852441753854  58393.2148438
    1484.6171878933280368  59399.0429688
    1488.3856905424474917  60420.1835938
    1492.1541931915667192  61456.8398438
    1495.9226958407527945  62509.2187500
    1499.6911984898720220  63577.5273438
    1503.4597011389917043  64661.9726562
    1507.2282037881109318  65762.7656250
    1510.9967064372635832  66880.1250000
    1514.7652090863830381  68014.2656250
    1518.5337117355022656  69165.4062500
    1522.3022143846549170  70333.7734375
    1526.0707170337745993  71519.5859375
    1529.8392196828940541  72723.0703125
    1533.6077223320132816  73944.4531250
    1537.3762249811659331  75183.9765625
    1541.1447276302853879  76441.8750000
    1544.9132302794046154  77718.3671875
    1548.6817329285242977  79013.7109375
    1552.4502355776769491  80328.1406250
    1556.2187382267961766  81661.9062500
    1559.9872408759156315  83015.2421875
    1563.7557435251014795  84388.4140625
    1567.5242461742209343  85781.6718750
    1571.2927488233403892  87195.2656250
    1575.0612514724598441  88629.4531250
    1578.8297541216124955  90084.5000000
    1582.5982567707319504  91560.6640625
    1586.3667594198511779  93058.2265625
    1590.1352620690038293  94577.4375000
    1593.9037647181232842  96118.5859375
    1597.6722673672427391  97681.9453125
    1601.4407700163621939  99267.7812500
    1605.2092726655148454 100876.3906250
    1608.9777753146343002 102508.0468750
    1612.7462779637535277 104163.0390625
    1616.5147806129061792 105841.6640625
    1620.2832832620258614 107544.2109375
    1624.0517859111450889 109270.9843750
    1627.8202885602645438 111022.2734375
    1631.5887912094503918 112798.3828125
    1635.3572938585698466 114599.6250000
    1639.1257965076890741 116426.3046875
    1642.8942991568419529 118278.7343750
    1646.6628018059614078 120157.2343750
    1650.4313044550808627 122062.1171875
    1654.1998071042000902 123993.7187500
    1657.9683097533527416 125952.3437500
    1661.7368124024721965 127938.3437500
    1665.5053150515916514 129952.0390625
    1669.2738177007443028 131993.7656250
    1673.0423203498637577 134063.8750000
    1676.8108229989829852 136162.6875000
    1680.5793256481024400 138290.5781250
    1684.3478282972882880 140447.8750000
    1688.1163309464079703 142634.9531250
    1691.8848335955274251 144852.1562500
    1695.6533362446134561 147099.8281250
    1699.4218388937993041 149378.3750000
    1703.1903415429187589 151688.1250000
    1706.9588441920379864 154029.4843750
    1710.7273468411908652 156402.8125000
    1714.4958494903103201 158808.4843750
    1718.2643521394295476 161246.9062500
    1722.0328547885490025 163718.4375000
    1725.8013574377016539 166223.4843750
    1729.5698600868211088 168762.4375000
    1733.3383627359405637 171335.7187500
    1737.1068653850932151 173943.7031250
    1740.8753680342126700 176586.7968750
    1744.6438706833318975 179265.4375000
    1748.4123733324513523 181980.0312500
    1752.1808759816372003 184730.9843750
    1755.9493786307566552 187518.7500000
    1759.7178812798761101 190343.7187500
    1763.4863839290287615 193206.3593750
    1767.2548865781482164 196107.0781250
    1771.0233892272676712 199046.3281250
    1774.7918918763868987 202024.5781250
    1778.5603945255395502 205042.2343750
    1782.3288971746592324 208099.7968750
    1786.0973998237784599 211197.6875000
    1789.8659024729311113 214336.4062500
    1793.6344051220505662 217516.3906250
    1797.4029077711697937 220738.1250000
    1801.1714104202892486 224002.0937500
    1804.9399130694421274 227308.7656250
    1808.7084157185615823 230658.6406250
    1812.4769183676808098 234052.2031250
    1816.2454210168668851 237489.9531250
    1820.0139236659861126 240972.3750000
    1823.7824263151055675 244500.0000000
    1827.5509289642250224 248073.3281250
