Scan:      1         M31S-540 2020-06-04 +06 51 12.5
          RADIO                  Ta    
        km/s-LSR                 I
   -1342.9813877073518142    -18.8746624
   -1339.0881403935488834    -17.9130344
   -1335.1948930797457251    -16.9928398
   -1331.3016457659427942    -16.1137695
   -1327.4083984521398634    -15.2741413
   -1323.5151511383369325    -14.4701595
   -1319.6219038245337742    -13.7006350
   -1315.7286565107310707    -12.9625854
   -1311.8354091969279125    -12.2563629
   -1307.9421618830583611    -11.5786037
   -1304.0489145692554303    -10.9298162
   -1300.1556672555188925    -10.3101311
   -1296.2624199416493411     -9.7191992
   -1292.3691726278464103     -9.1546412
   -1288.4759253140434794     -8.6156559
   -1284.5826780002403211     -8.1062784
   -1280.6894306864376176     -7.6235428
   -1276.7961833726344594     -7.1675687
   -1272.9029360588313011     -6.7354898
   -1269.0096887450285976     -6.3263988
   -1265.1164414312254394     -5.9400945
   -1261.2231941174225085     -5.5740352
   -1257.3299468036195776     -5.2278423
   -1253.4366994897500263     -4.9008555
   -1249.5434521760134885     -4.5921030
   -1245.6502048622105576     -4.2997785
   -1241.7569575484076267     -4.0235333
   -1237.8637102345378480     -3.7625592
   -1233.9704629207351445     -3.5165043
   -1230.0772156069986067     -3.2845929
   -1226.1839682931290554     -3.0647225
   -1222.2907209793261245     -2.8579493
   -1218.3974736655231936     -2.6629038
   -1214.5042263517200354     -2.4788172
   -1210.6109790379173319     -2.3068080
   -1206.7177317241141736     -2.1446669
   -1202.8244844103110154     -1.9927032
   -1198.9312370965083119     -1.8493217
   -1195.0379897827051536     -1.7146243
   -1191.1447424689022228     -1.5884128
   -1187.2514951550992919     -1.4700687
   -1183.3582478412297405     -1.3592769
   -1179.4650005274932028     -1.2557217
   -1175.5717532136902719     -1.1587304
   -1171.6785058998207205     -1.0712826
   -1167.7852585860175623     -0.9904526
   -1163.8920112722148588     -0.9057907
   -1159.9987639584117005     -0.8319238
   -1156.1055166446087696     -0.7652822
   -1152.2122693308058388     -0.7080364
   -1148.3190220170029079     -0.6420916
   -1144.4257747031997496     -0.5837996
   -1140.5325273893968188     -0.5330682
   -1136.6392800755938879     -0.4855513
   -1132.7460327617907296     -0.4410294
   -1128.8527854479880261     -0.4007971
   -1124.9595381341848679     -0.3639470
   -1121.0662908203819370     -0.3294249
   -1117.1730435065123856     -0.2984146
   -1113.2797961927094548     -0.2694243
   -1109.3865488789062965     -0.2417712
   -1105.4933015651699861     -0.2172383
   -1101.6000542513004348     -0.1940756
   -1097.7068069374972765     -0.1745503
   -1093.8135596236945730     -0.1558099
   -1089.9203123098914148     -0.1394500
   -1086.0270649960884839     -0.1233411
   -1082.1338176822855530     -0.1086925
   -1078.2405703684823948     -0.0961515
   -1074.3473230546794639     -0.0844781
   -1070.4540757408765330     -0.0752750
   -1066.5608284270736021     -0.0639880
   -1062.6675811132704439     -0.0559575
   -1058.7743337994011199     -0.0486360
   -1054.8810864856645821     -0.0419001
   -1050.9878391718614239     -0.0392854
   -1047.0945918579920999     -0.0366708
   -1043.2013445441889417     -0.0340561
   -1039.3080972303860108     -0.0314414
   -1035.4148499166497004     -0.0288267
   -1031.5216026027801490     -0.0262120
   -1027.6283552889772182     -0.0235973
   -1023.7351079751741736     -0.0209826
   -1019.8418606613711290     -0.0183679
   -1015.9486133475681982     -0.0157532
   -1012.0553660337652673     -0.0131385
   -1008.1621187199622227     -0.0105238
   -1004.2688714061592918     -0.0079092
   -1000.3756240923562473     -0.0052945
    -996.4823767785532027     -0.0026798
    -992.5891294646836513     -0.0000651
    -988.6958821508807205     -0.0002288
    -984.8026348371442964     -0.0019594
    -980.9093875233413655     -0.0004981
    -977.0161402094718142      0.0000783
    -973.1228928956687696      0.0002023
    -969.2296455818658387      0.0006519
    -965.3363982680629078     -0.0002722
    -961.4431509542597496      0.0003564
    -957.5499036404568187      0.0000078
    -953.6566563266538878     -0.0000606
    -949.7634090128508433     -0.0001653
    -945.8701616990479124     -0.0003834
    -941.9769143852449815     -0.0000603
    -938.0836670714419370      0.0004273
    -934.1904197576388924      0.0001808
    -930.2971724438359615      0.0002952
    -926.4039251300329170     -0.0002867
    -922.5106778161633656     -0.0002351
    -918.6174305023604347     -0.0002749
    -914.7241831885573902      0.0003376
    -910.8309358748210798      0.0010054
    -906.9376885609515284      0.0017228
    -903.0444412471484839      0.0024462
    -899.1511939333454393      0.0020847
    -895.2579466195425084      0.0022684
    -891.3646993057394639      0.0021701
    -887.4714519919365330      0.0013667
    -883.5782046781336021      0.0018513
    -879.6849573643305575      0.0004252
    -875.7917100505276267      0.0002717
    -871.8984627367246958      0.0002446
    -868.0052154228550307     -0.0002240
    -864.1119681090520999     -0.0003562
    -860.2187207953156758     -0.0003119
    -856.3254734815126312     -0.0001930
    -852.4322261676430799     -0.0002391
    -848.5389788538401490      0.0002049
    -844.6457315400371044      0.0002719
    -840.7524842262341735      0.0001767
    -836.8592369124312427     -0.0001870
    -832.9659895986280844      0.0000277
    -829.0727422848251535     -0.0004139
    -825.1794949710222227     -0.0011930
    -821.2862476572191781     -0.0000453
    -817.3930003434162472     -0.0000289
    -813.4997530295466959      0.0000290
    -809.6065057158102718      0.0000498
    -805.7132584020072272      0.0000705
    -801.8200110882042964      0.0000912
    -797.9267637743346313      0.0001119
    -794.0335164605317004      0.0001326
    -790.1402691467953900      0.0001533
    -786.2470218329257250     -0.0000767
    -782.3537745191227941     -0.0003190
    -778.4605272053198632      0.0002533
    -774.5672798915168187     -0.0000062
    -770.6740325777138878     -0.0002533
    -766.7807852639108432     -0.0007281
    -762.8875379501077987      0.0002499
    -758.9942906363048678      0.0007491
    -755.1010433225019369     -0.0001694
    -751.2077960086988924     -0.0005588
    -747.3145486948959615     -0.0000218
    -743.4213013810264101      0.0002405
    -739.5280540672233656      0.0002986
    -735.6348067534869415      0.0000739
    -731.7415594396840106      0.0004412
    -727.8483121258143456     -0.0004922
    -723.9550648120114147     -0.0004945
    -720.0618174982084838     -0.0008390
    -716.1685701844054392     -0.0006382
    -712.2753228706025084     -0.0001237
    -708.3820755567995775      0.0002971
    -704.4888282429964192      0.0000269
    -700.5955809291934884     -0.0008122
    -696.7023336153905575     -0.0001244
    -692.8090863015875129      0.0003313
    -688.9158389877179616      0.0001950
    -685.0225916739816512      0.0001611
    -681.1293443601786066      0.0003064
    -677.2360970463756757      0.0001047
    -673.3428497325061244      0.0006451
    -669.4496024187030798      0.0005394
    -665.5563551049666557      0.0004469
    -661.6631077910971044      0.0002458
    -657.7698604772940598      0.0001041
    -653.8766131634911289      0.0002766
    -649.9833658496881981     -0.0007447
    -646.0901185358851535     -0.0001541
    -642.1968712220822226      0.0003840
    -638.3036239082791781      0.0000010
    -634.4103765944761335     -0.0005203
    -630.5171292806732026      0.0001332
    -626.6238819668702718     -0.0001156
    -622.7306346530672272     -0.0001917
    -618.8373873391976758      0.0000126
    -614.9441400254613654      0.0000221
    -611.0508927116582072     -0.0001256
    -607.1576453978552763     -0.0004094
    -603.2643980839858386     -0.0008932
    -599.3711507701826804      0.0001225
    -595.4779034563797495      0.0001903
    -591.5846561425768186      0.0007203
    -587.6914088287737741      0.0001031
    -583.7981615149708432     -0.0000328
    -579.9049142011679123     -0.0005069
    -576.0116668873648678     -0.0000342
    -572.1184195735618232      0.0001850
    -568.2251722597588923      0.0000321
    -564.3319249459558478      0.0006743
    -560.4386776321529169      0.0006022
    -556.5454303183499860      0.0007173
    -552.6521830045469414      0.0005875
    -548.7589356906773901      0.0012076
    -544.8656883768744592      0.0015614
    -540.9724410631379214      0.0010434
    -537.0791937492683701      0.0011740
    -533.1859464354654392      0.0008065
    -529.2926991216623946     -0.0001132
    -525.3994518078594638     -0.0000649
    -521.5062044940565329      0.0000515
    -517.6129571802534883      0.0005049
    -513.7197098664505575      0.0005512
    -509.8264625526475129      0.0003166
    -505.9332152388445820     -0.0001915
    -502.0399679250415375      0.0001447
    -498.1467206112385497     -0.0005695
    -494.2534732973689984     -0.0003536
    -490.3602259836326311     -0.0004910
    -486.4669786698295866     -0.0000402
    -482.5737313559600921     -0.0004952
    -478.6804840421570475      0.0005364
    -474.7872367283541166      0.0000958
    -470.8939894146176925     -0.0001765
    -467.0007421007481412      0.0006070
    -463.1074947869451535     -0.0000786
    -459.2142474731421657     -0.0000117
    -455.3210001593391780     -0.0000717
    -451.4277528455362472     -0.0006190
    -447.5345055317332026      0.0001769
    -443.6412582179302149     -0.0001838
    -439.7480109041272271     -0.0004554
    -435.8547635903242394      0.0006525
    -431.9615162765212517      0.0009280
    -428.0682689627182640     -0.0000500
    -424.1750216488487126      0.0004235
    -420.2817743351122886      0.0003064
    -416.3885270213093008     -0.0002645
    -412.4952797074397495     -0.0008317
    -408.6020323936367618     -0.0007360
    -404.7087850798338309      0.0000200
    -400.8155377660308432      0.0001329
    -396.9222904522277986      0.0005085
    -393.0290431384248677     -0.0000744
    -389.1357958246218800      0.0000279
    -385.2425485108188354      0.0000353
    -381.3493011970159046      0.0000427
    -377.4560538832129168      0.0000501
    -373.5628065694099291      0.0000575
    -369.6695592555403778      0.0000649
    -365.7763119418039537      0.0000723
    -361.8830646280009660      0.0000797
    -357.9898173141314146      0.0000870
    -354.0965700003284269      0.0000497
    -350.2033226865254392     -0.0002958
    -346.3100753727890151     -0.0016946
    -342.4168280589194637     -0.0009759
    -338.5235807451164760     -0.0020059
    -334.6303334313134883     -0.0020265
    -330.7370861175105006     -0.0018892
    -326.8438388037075129     -0.0030365
    -322.9505914899045820     -0.0034955
    -319.0573441761015374     -0.0046107
    -315.1640968622985497     -0.0063395
    -311.2708495484956188     -0.0062583
    -307.3776022346926311     -0.0086794
    -303.4843549208895865     -0.0106035
    -299.5911076070200920     -0.0125683
    -295.6978602932836679     -0.0158242
    -291.8046129794806234     -0.0184925
    -287.9113656656111289     -0.0197814
    -284.0181183518080843     -0.0230145
    -280.1248710380050966     -0.0275050
    -276.2316237242686725     -0.0325453
    -272.3383764103991780     -0.0376685
    -268.4451290965961334     -0.0432347
    -264.5518817827932025     -0.0491366
    -260.6586344689902148     -0.0559656
    -256.7653871551872271     -0.0637889
    -252.8721398413842394     -0.0712632
    -248.9788925275812517     -0.0815500
    -245.0856452137782355     -0.0912981
    -241.1923978999752762     -0.1028706
    -237.2991505861722885     -0.1155706
    -233.4059032723027372     -0.1304480
    -229.5126559584997494     -0.1451204
    -225.6194086446967617     -0.1624434
    -221.7261613309603376     -0.1808130
    -217.8329140170908147     -0.2012367
    -213.9396667032877986     -0.2239133
    -210.0464193894848393     -0.2481973
    -206.1531720756818231     -0.2742529
    -202.2599247618788638     -0.3039769
    -198.3666774480758761     -0.3344300
    -194.4734301342728600     -0.3684376
    -190.5801828204699007     -0.4064799
    -186.6869355066668845     -0.4465367
    -182.7936881928639252     -0.4893953
    -178.9004408789943739     -0.5360450
    -175.0071935651913861     -0.5950915
    -171.1139462514549621     -0.6450564
    -167.2206989376520028     -0.6983848
    -163.3274516237824230     -0.7609636
    -159.4342043099794637     -0.8276938
    -155.5409569961764475     -0.8997343
    -151.6477096823734882     -0.9770555
    -147.7544623685704721     -1.0605044
    -143.8612150547674844     -1.1496524
    -139.9679677409645251     -1.2444302
    -136.0747204271615090     -1.3464044
    -132.1814731133585497     -1.4544859
    -128.2882257995555619     -1.5711557
    -124.3949784857525600     -1.6949093
    -120.5017311719495865     -1.8273031
    -116.6084838581465988     -1.9674329
    -112.7152365443436111     -2.1171522
    -108.8219892304740597     -2.2763839
    -104.9287419166710720     -2.4451602
    -101.0354946029346621     -2.6254687
     -97.1422472891316744     -2.8159757
     -93.2489999752621230     -3.0181878
     -89.3557526614591353     -3.2325442
     -85.4625053476561476     -3.4615676
     -81.5692580338531741     -3.7017713
     -77.6760107200501864     -3.9562669
     -73.7827634062471986     -4.2258186
     -69.8895160924441967     -4.5106726
     -65.9962687786412232     -4.8113132
     -62.1030214648382355     -5.1300850
     -58.2097741510352478     -5.4670734
     -54.3165268371657035     -5.8214622
     -50.4232795234292794     -6.1957021
     -46.5300322096262988     -6.5895681
     -42.6367848958233111     -7.0061674
     -38.7435375819537597     -7.4437151
     -34.8502902681507720     -7.9040985
     -30.9570429543477879     -8.3895350
     -27.0637956405448037     -8.8995275
     -23.1705483267418160     -9.4361324
     -19.2773010129388318    -10.0001202
     -15.3840536991358459    -10.5920792
     -11.4908063853328599    -11.2133226
      -7.5975590715298749    -11.8656120
      -3.7043117577268889    -12.5502338
       0.1889355561093801    -13.2681875
       4.0821828699123657    -14.0225744
       7.9754301837153507    -14.8121424
      11.8686774974850522    -15.6390095
      15.7619248113213217    -16.5054321
      19.6551721251243059    -17.4126492
      23.5484194389272936    -18.3632526
      27.4416667527302778    -19.3561783
      31.3349140665665473    -20.3951759
      35.2281613803362461    -21.4834862
      39.1214086941392409    -22.6193848
      43.0146560079755105    -23.8058090
      46.9079033217784911    -25.0462208
      50.8011506355814788    -26.3420010
      54.6943979493844594    -27.6933899
      58.5876452632207290    -29.1052418
      62.4808925769904278    -30.5783463
      66.3741398907934155    -32.1148605
      70.2673872046296850    -33.7164268
      74.1606345184326727    -35.3872452
      78.0538818322356462    -37.1287880
      81.9471291460053664    -38.9431534
      85.8403764598416359    -40.8330536
      89.7336237736446236    -42.8014908
      93.6268710874475971    -44.8511124
      97.5201184012838667    -46.9837952
     101.4133657150868544    -49.2039490
     105.3066130288898421    -51.5140381
     109.1998603426595338    -53.9162064
     113.0931076564958033    -56.4146729
     116.9863549702987910    -59.0114937
     120.8796022841017788    -61.7113800
     124.7728495979380483    -64.5167542
     128.6660969117410502    -67.4307709
     132.5593442255107561    -70.4582748
     136.4525915393137154    -73.6008224
     140.3458388531499850    -76.8648376
     144.2390861669529727    -80.2524490
     148.1323334807559604    -83.7677917
     152.0255807945922299    -87.4152985
     155.9188281083952177    -91.1993332
     159.8120754221649236    -95.1236954
     163.7053227359679113    -99.1928177
     167.5985700498041808   -103.4104843
     171.4918173636071685   -107.7835617
     175.3850646774101563   -112.3139420
     179.2783119911798622   -117.0080032
     183.1715593050161317   -121.8712082
     187.0648066188190910   -126.9067535
     190.9580539326220787   -132.1208496
     194.8513012464583483   -137.5195007
     198.7445485602613360   -143.1080475
     202.6377958740643237   -148.8921814
     206.5310431878340296   -154.8757935
     210.4242905016702991   -161.0665894
     214.3175378154732869   -167.4701996
     218.2107851292762746   -174.0925446
     222.1040324431125441   -180.9403687
     225.9972797569155318   -188.0197449
     229.8905270706852377   -195.3367920
     233.7837743844881970   -202.8985748
     237.6770216983244666   -210.7126160
     241.5702690121274827   -218.7859192
     245.4635163259304420   -227.1249084
     249.3567636397667115   -235.7373505
     253.2500109535696993   -244.6310577
     257.1432582673394336   -253.8126068
     261.0365055811423645   -263.2913818
     264.9297528949786624   -273.0754089
     268.8230002087816501   -283.1725159
     272.7162475225846379   -293.5916138
     276.6094948364209358   -304.3394775
     280.5027421501905565   -315.4271240
     284.3959894639936010   -326.8628845
     288.2892367777965887   -338.6552124
     292.1824840916328299   -350.8134766
     296.0757314054358176   -363.3498535
     299.9689787192388053   -376.2712097
     303.8622260330750464   -389.5877686
     307.7554733468447807   -403.3117676
     311.6487206606477685   -417.4517822
     315.5419679744507562   -432.0205994
     319.4352152882870541   -447.0268555
     323.3284626020900419   -462.4834290
     327.2217099158597193   -478.3995056
     331.1149572297292707   -494.7890930
     335.0082045434990050   -511.6622314
     338.9014518573019359   -529.0333862
     342.7946991711049236   -546.9134521
     346.6879464849412216   -565.3142090
     350.5811937987441524   -584.2488403
     354.4744411125138868   -603.7307739
     358.3676884263168745   -623.7737427
     362.2609357401531156   -644.3914795
     366.1541830539561602   -665.5967407
     370.0474303677591479   -687.4041138
     373.9406776815953890   -709.8299561
     377.8339249953983767   -732.8882446
     381.7271723091681110   -756.5916748
     385.6204196229710419   -780.9586792
     389.5136669368073399   -806.0037842
     393.4069142506103276   -831.7407837
     397.3001615644132585   -858.1895142
     401.1934088782495564   -885.3649292
     405.0866561920192908   -913.2835693
     408.9799035058222216   -941.9637451
     412.8731508196252662   -971.4210205
     416.7663981334615642  -1001.6767578
     420.6596454472644950  -1032.7457275
     424.5528927610341725  -1064.6468506
     428.4461400749037239  -1097.4005127
     432.3393873886734582  -1131.0260010
     436.2326347024764459  -1165.5423584
     440.1258820162794336  -1200.9689941
     444.0191293301156747  -1237.3269043
     447.9123766439186625  -1274.6369629
     451.8056239576883968  -1312.9207764
     455.6988712715246379  -1352.1987305
     459.5921185853276256  -1392.4935303
     463.4853658991306702  -1433.8271484
     467.3786132129336011  -1476.2226562
     471.2718605267698990  -1519.7026367
     475.1651078405728867  -1564.2911377
     479.0583551543425642  -1610.0108643
     482.9516024681788622  -1656.8872070
     486.8448497819818499  -1704.9461670
     490.7380970957847808  -1754.2086182
     494.6313444095877685  -1804.7037354
     498.5245917234240096  -1856.4586182
     502.4178390371937439  -1909.4985352
     506.3110863509967317  -1963.8498535
     510.2043336647997762  -2019.5406494
     514.0975809786359605  -2076.5998535
     517.9908282924390051  -2135.0532227
     521.8840756062420496  -2194.9340820
     525.7773229200782907  -2256.2675781
     529.6705702338479114  -2319.0854492
     533.5638175476508422  -2383.4187012
     537.4570648614540005  -2449.2980957
     541.3503121752902416  -2516.7534180
     545.2435594890931725  -2585.7983398
     549.1368068028629068  -2656.5207520
     553.0300541166991479  -2728.9104004
     556.9233014305020788  -2803.0029297
     560.8165487443051234  -2878.8374023
     564.7097960581080542  -2956.4501953
     568.6030433719442954  -3035.8759766
     572.4962906857474536  -3117.1508789
     576.3895379995170742  -3200.3122559
     580.2827853133533154  -3285.3959961
     584.1760326271563599  -3372.4406738
     588.0692799409592908  -3461.4848633
     591.9625272547622217  -3552.5661621
     595.8557745685985765  -3645.7250977
     599.7490218823681971  -3741.0024414
     603.6422691961712417  -3838.4384766
     607.5355165100075965  -3938.0749512
     611.4287638238105274  -4039.9536133
     615.3220111376134582  -4144.1181641
     619.2152584514165028  -4250.6118164
     623.1085057652527439  -4359.4780273
     627.0017530790223645  -4470.7626953
     630.8950003928254091  -4584.5107422
     634.7882477066616502  -4700.7685547
     638.6814950204646948  -4819.5844727
     642.5747423342677394  -4941.0048828
     646.4679896480373600  -5065.0786133
     650.3612369618736011  -5191.8554688
     654.2544842756766457  -5321.3852539
     658.1477315894795765  -5453.7182617
     662.0409789032825074  -5588.9057617
     665.9342262171188622  -5727.0014648
     669.8274735309219068  -5868.0566406
     673.7207208446915274  -6012.1279297
     677.6139681585278822  -6159.2680664
     681.5072154723308131  -6309.5336914
     685.4004627861337440  -6462.9799805
     689.2937100999367885  -6619.6650391
     693.1869574137730297  -6779.6464844
     697.0802047275426503  -6942.9838867
     700.9734520413458085  -7109.7363281
     704.8666993551820497  -7279.9663086
     708.7599466689849805  -7453.7333984
     712.6531939827880251  -7631.1015625
     716.5464412965909560  -7812.1333008
     720.4396886104271971  -7996.8930664
     724.3329359241969314  -8185.4462891
     728.2261832379998623  -8377.8593750
     732.1194305518361034  -8574.2001953
     736.0126778656392617  -8774.5351562
     739.9059251794421925  -8978.9345703
     743.7991724932118132  -9187.4677734
     747.6924198070481680  -9400.2089844
     751.5856671208510988  -9617.2265625
     755.4789144346540297  -9838.5927734
     759.3721617484903845 -10064.3867188
     763.2654090622933154 -10294.6806641
     767.1586563760963600 -10529.5507812
     771.0519036898660943 -10769.0751953
     774.9451510037023354 -11013.3320312
     778.8383983175052663 -11262.4013672
     782.7316456313083108 -11516.3623047
     786.6248929451445520 -11775.2978516
     790.5181402589474828 -12039.2910156
     794.4113875727172172 -12308.4267578
     798.3046348865202617 -12582.7880859
     802.1978822003565028 -12862.4619141
     806.0911295141595474 -13147.5371094
     809.9843768279624783 -13438.1025391
     813.8776241417654091 -13734.2451172
     817.7708714556016503 -14036.0605469
     821.6641187693713846 -14343.6386719
     825.5573660831743155 -14657.0703125
     829.4506133970106703 -14976.4570312
     833.3438607108137148 -15301.8896484
     837.2371080246166457 -15633.4687500
     841.1303553383863800 -15971.2910156
     845.0236026522559314 -16315.4580078
     848.9168499660255520 -16666.0722656
     852.8100972798285966 -17023.2324219
     856.7033445936648377 -17387.0449219
     860.5965919074677686 -17757.6152344
     864.4898392212709268 -18135.0507812
     868.3830865350405475 -18519.4609375
     872.2763338488767886 -18910.9531250
     876.1695811626798331 -19309.6386719
     880.0628284764827640 -19715.6308594
     883.9560757903190051 -20129.0429688
     887.8493231041219360 -20549.9941406
     891.7425704178916703 -20978.5957031
     895.6358177316947149 -21414.9707031
     899.5290650455310697 -21859.2363281
     903.4223123593340006 -22311.5156250
     907.3155596731369315 -22771.9335938
     911.2088069869731726 -23240.6113281
     915.1020543007762171 -23717.6777344
     918.9953016145458378 -24203.2597656
     922.8885489283488823 -24697.4843750
     926.7817962421851234 -25200.4902344
     930.6750435559881680 -25712.4023438
     934.5682908697912126 -26233.3554688
     938.4615381836274537 -26763.4902344
     942.3547854974303846 -27302.9375000
     946.2480328112001189 -27851.8417969
     950.1412801250030498 -28410.3398438
     954.0345274388392909 -28978.5781250
     957.9277747526422218 -29556.6992188
     961.8210220664452663 -30144.8515625
     965.7142693802815074 -30743.1816406
     969.6075166940513554 -31351.8417969
     973.5007640078542863 -31970.9570312
     977.3940113216572172 -32600.6914062
     981.2872586354934583 -33241.2578125
     985.1805059492965029 -33892.7773438
     989.0737532630994338 -34555.4023438
     992.9670005768692818 -35229.2968750
     996.8602478907055229 -35914.6250000
    1000.7534952045084538 -36611.5507812
    1004.6467425183114983 -37320.2421875
    1008.5399898321477394 -38040.8671875
    1012.4332371459506703 -38773.6015625
    1016.3264844597204046 -39518.6093750
    1020.2197317735233355 -40276.0742188
    1024.1129790873596903 -41046.1757812
    1028.0062264011626212 -41829.0820312
    1031.8994737149655521 -42624.9882812
    1035.7927210288019069 -43434.0664062
    1039.6859683426048377 -44256.5078125
    1043.5792156563745721 -45092.5039062
    1047.4724629701775029 -45942.2382812
    1051.3657102840138577 -46805.9101562
    1055.2589575978167886 -47683.7109375
    1059.1522049116199469 -48575.8320312
    1063.0454522254560743 -49482.4843750
    1066.9386995392258086 -50403.8593750
    1070.8319468530287395 -51340.1679688
    1074.7251941668316704 -52291.6132812
    1078.6184414806680252 -53258.4023438
    1082.5116887944711834 -54240.7500000
    1086.4049361082738869 -55238.8671875
    1090.2981834221102417 -56252.9687500
    1094.1914307358799761 -57283.2773438
    1098.0846780496829069 -58330.0078125
    1101.9779253634858378 -59393.3867188
    1105.8711726773221926 -60473.6445312
    1109.7644199911251235 -61571.0000000
    1113.6576673048948578 -62685.6914062
    1117.5509146187312126 -63817.9453125
    1121.4441619325341435 -64968.0078125
    1125.3374092463370744 -66136.1093750
    1129.2306565601402326 -67322.4921875
    1133.1239038739763600 -68527.3984375
    1137.0171511877792909 -69751.0859375
    1140.9103985015492526 -70993.7890625
    1144.8036458153519561 -72255.7734375
    1148.6968931291883109 -73537.2890625
    1152.5901404429914692 -74838.5859375
    1156.4833877567941727 -76159.9375000
    1160.3766350706305275 -77501.6015625
    1164.2698823844002618 -78863.8359375
    1168.1631296982031927 -80246.9218750
    1172.0563770120063509 -81651.1328125
    1175.9496243258427057 -83076.7343750
    1179.8428716396454092 -84524.0078125
    1183.7361189534485675 -85993.2343750
    1187.6293662672849223 -87484.7031250
    1191.5226135810544292 -88998.6875000
    1195.4158608948573601 -90535.5000000
    1199.3091082086605184 -92095.4140625
    1203.2023555224966458 -93678.7343750
    1207.0956028362995767 -95285.7500000
    1210.9888501500695384 -96916.7890625
    1214.8820974639056658 -98572.1328125
    1218.7753447777085967-100252.1015625
    1222.6685920915117549-101957.0000000
    1226.5618394053144584-103687.1484375
    1230.4550867191508132-105442.8750000
    1234.3483340329539715-107224.4843750
    1238.2415813467234784-109032.3125000
    1242.1348286605598332-110866.6875000
    1246.0280759743629915-112727.9453125
    1249.9213232881656950-114616.4218750
    1253.8145706019688532-116532.4453125
    1257.7078179158052080-118476.3750000
    1261.6010652295747150-120448.5468750
    1265.4943125433776459-122449.3281250
    1269.3875598572140007-124479.0234375
    1273.2808071710169315-126538.0390625
    1277.1740544848200898-128626.7265625
    1281.0673017986230207-130745.4453125
    1284.9605491124591481-132894.5625000
    1288.8537964262288824-135074.4531250
    1292.7470437400320407-137285.5000000
    1296.6402910538347442-139528.0625000
    1300.5335383676710990-141802.5468750
    1304.4267856814742572-144109.3125000
    1308.3200329952437642-146448.7812500
    1312.2132803091135429-148821.3437500
    1316.1065276228832772-151227.3906250
    1319.9997749366859807-153667.3125000
    1323.8930222504891390-156141.5468750
    1327.7862695643254938-158650.4843750
    1331.6795168781281973-161194.5312500
    1335.5727641918981590-163774.1406250
    1339.4660115057345138-166389.7031250
    1343.3592588195372173-169041.6562500
    1347.2525061333403755-171730.4531250
    1351.1457534471433064-174456.5000000
    1355.0390007609794338-177220.2500000
    1358.9322480747491682-180022.1562500
    1362.8254953885523264-182862.6718750
    1366.7187427023884538-185742.2187500
    1370.6119900161916121-188661.2968750
    1374.5052373299945430-191620.3281250
    1378.3984846437974738-194619.8125000
    1382.2917319576338286-197660.2031250
    1386.1849792714035630-200741.9843750
    1390.0782265852062665-203865.6406250
    1393.9714738990426213-207031.6562500
    1397.8647212128457795-210240.5000000
    1401.7579685266484830-213492.7031250
    1405.6512158404184447-216788.7343750
    1409.5444631542877687-220129.1093750
    1413.4377104680575030-223514.3437500
    1417.3309577818606613-226944.9531250
    1421.2242050956967887-230421.4375000
    1425.1174524094997196-233944.3437500
    1429.0106997233028778-237514.1875000
    1432.9039470370726121-241131.5000000
    1436.7971943509087396-244796.8437500
    1440.6904416647118978-248510.7187500
    1444.5836889785148287-252273.7187500
    1448.4769362923177596-256086.3750000
    1452.3701836061541144-259949.2500000
    1456.2634309199568179-263862.9062500
    1460.1566782337265522-267827.9375000
    1464.0499255475629070-271844.8750000
    1467.9431728613660653-275914.3437500
    1471.8364201751689961-280036.9062500
    1475.7296674889719270-284213.1562500
    1479.6229148028080544-288443.6875000
    1483.5161621165777888-292729.0937500
    1487.4094094303809470-297070.0312500
    1491.3026567442170744-301467.0625000
    1495.1959040580200053-305920.8125000
    1499.0891513718231636-310431.9375000
    1502.9823986855928979-315001.0312500
    1506.8756459994624493-319628.7500000
    1510.7688933132321836-324315.7500000
    1514.6621406270351144-329062.6562500
    1518.5553879408712419-333870.0937500
    1522.4486352546744001-338738.8125000
    1526.3418825684771036-343669.3750000
    1530.2351298822470653-348662.5312500
    1534.1283771960834201-353718.9375000
    1538.0216245098863510-358839.2500000
    1541.9148718236892819-364024.1875000
    1545.8081191375256367-369274.4375000
    1549.7013664513283402-374590.6875000
    1553.5946137651314984-379973.6562500
    1557.4878610789012328-385424.0937500
    1561.3811083927373602-390942.6875000
    1565.2743557065402911-396530.1562500
    1569.1676030203434493-402187.2500000
    1573.0608503341795767-407914.7187500
    1576.9540976479827350-413713.2812500
    1580.8473449617524693-419583.7187500
    1584.7405922755554002-425526.7812500
    1588.6338395893915276-431543.2500000
    1592.5270869031946859-437633.8750000
    1596.4203342169973894-443799.4375000
    1600.3135815308337442-450040.7500000
    1604.2068288446369024-456358.6250000
    1608.1000761584066368-462753.7812500
    1611.9933234722095676-469227.0937500
    1615.8865707860459224-475779.3750000
    1619.7798180998486259-482411.4375000
    1623.6730654136517842-489124.0937500
    1627.5663127274215185-495918.1875000
    1631.4595600412576459-502794.5937500
    1635.3528073550608042-509754.1250000
    1639.2460546688637351-516797.6562500
    1643.1393019826998625-523926.0625000
    1647.0325492965030207-531140.1875000
    1650.9257966103059516-538440.9375000
    1654.8190439240756859-545829.1875000
    1658.7122912379118134-553305.8750000
    1662.6055385517149716-560871.8750000
    1666.4987858655179025-568528.0625000
    1670.3920331793542573-576275.3750000
    1674.2852804931571882-584114.8125000
    1678.1785278069269225-592047.2500000
    1682.0717751207298534-600073.5625000
    1685.9650224345662082-608194.8125000
    1689.8582697483689117-616411.9375000
    1693.7515170621720699-624725.8750000
