Scan:      6            M31-E 2020-07-24 +13 26 36.5
          RADIO                  Ta    
        km/s-LSR                 I
   -1161.7131313682828022   3353.7543945
   -1157.8222945784209514   3043.9338379
   -1153.9314577884927076   2703.1640625
   -1150.0406209986310841   2397.4755859
   -1146.1497842087026129   2124.0415039
   -1142.2589474188407621   1879.7043457
   -1138.3681106289791387   1661.5745850
   -1134.4772738391175153   1467.0404053
   -1130.5864370491890440   1293.7324219
   -1126.6956002593274206   1139.5021973
   -1122.8047634694655699   1002.3994141
   -1118.9139266795373260    880.6588135
   -1115.0230898896757026    772.6821289
   -1111.1322530998138518    677.0253296
   -1107.2414163099520010    592.3848877
   -1103.3505795200237571    517.5830078
   -1099.4597427301621337    451.5605469
   -1095.5689059403002830    393.3620605
   -1091.6780691503720391    342.1292725
   -1087.7872323605101883    297.0915222
   -1083.8963955706485649    257.5558472
   -1080.0055587807203210    222.8994293
   -1076.1147219908584702    192.5664825
   -1072.2238852009966195    166.0586243
   -1068.3330484111347687    142.9311066
   -1064.4422116212067522    122.7857208
   -1060.5513748313449014    105.2671509
   -1056.6605380414830506     90.0605240
   -1052.7697012515548067     76.8844147
   -1048.8788644616931833     65.4887924
   -1044.9880276718313326     55.6527672
   -1041.0971908819697092     47.1795921
   -1037.2063540920412379     39.8956451
   -1033.3155173021796145     33.6252289
   -1029.4246805122511432     28.1401463
   -1025.5338437223895198     23.5484257
   -1021.6430069325277827     19.7279778
   -1017.7521701426659320     16.4558716
   -1013.8613333528043086     13.5936747
   -1009.9704965628759510     11.1615992
   -1006.0796597729477071      9.2787743
   -1002.1888229830858563      7.6937394
    -998.2979861932242329      6.3162351
    -994.4071494033623821      5.1486158
    -990.5163126135006451      4.1763573
    -986.6254758236389080      3.3721292
    -982.7346390337105504      2.7095604
    -978.8438022437823065      2.1648684
    -974.9529654539205694      1.7190049
    -971.0621286640588323      1.3552644
    -967.1712918741970952      1.0639277
    -963.2804550843353582      0.8276079
    -959.3896182944736211      0.6383967
    -955.4987815045452635      0.4883026
    -951.6079447146170196      0.3698281
    -947.7171079247551688      0.2772962
    -943.8262711348935454      0.2051314
    -939.9354343450316946      0.1499989
    -936.0445975551700712      0.1078370
    -932.1537607653083342      0.0755061
    -928.2629239753799766      0.0525164
    -924.3720871854516190      0.0352160
    -920.4812503955898819      0.0234015
    -916.5904136057281448      0.0146076
    -912.6995768158664077      0.0087732
    -908.8087400260047843      0.0043519
    -904.9179032360763131      0.0020353
    -901.0270664462146897      0.0013194
    -897.1362296562863321      0.0001724
    -893.2453928664245950      0.0002214
    -889.3545560765628579      0.0000465
    -885.4637192867010071     -0.0005155
    -881.5728824967727633     -0.0001025
    -877.6820457069110262     -0.0000141
    -873.7912089170492891      0.0000131
    -869.9003721271209315      0.0003943
    -866.0095353372593081      0.0003078
    -862.1186985473974573     -0.0002272
    -858.2278617575357202     -0.0002138
    -854.3370249676074764      0.0003585
    -850.4461881777456256      0.0002089
    -846.5553513878840022     -0.0000664
    -842.6645145979556446     -0.0003008
    -838.7736778080939075     -0.0002827
    -834.8828410182321704      0.0006201
    -830.9920042283039265      0.0002494
    -827.1011674384420758     -0.0007231
    -823.2103306485803387     -0.0003520
    -819.3194938587187153      0.0001891
    -815.4286570687902440     -0.0002363
    -811.5378202789286206     -0.0002534
    -807.6469834890002630      0.0001238
    -803.7561466991385259      0.0001208
    -799.8653099092767889      0.0003408
    -795.9744731194149381     -0.0005372
    -792.0836363295533147      0.0005751
    -788.1927995396249571      0.0004675
    -784.3019627497632200      0.0007197
    -780.4111259598348624      0.0004484
    -776.5202891699732390     -0.0006288
    -772.6294523801113883     -0.0013597
    -768.7386155902496512     -0.0008576
    -764.8477788003880278      0.0005063
    -760.9569420104595565      0.0006686
    -757.0661052205979331      0.0003473
    -753.1752684306695755      0.0003607
    -749.2844316408078384      0.0003667
    -745.3935948509461014     -0.0001611
    -741.5027580610843643     -0.0003586
    -737.6119212712226272     -0.0006675
    -733.7210844812942696     -0.0002203
    -729.8302476914326462      0.0003874
    -725.9394109015041749      0.0004185
    -722.0485741116425515      0.0001581
    -718.1577373217808145     -0.0001042
    -714.2669005319190774     -0.0000018
    -710.3760637420573403      0.0002269
    -706.4852269521289827     -0.0001326
    -702.5943901622672456     -0.0002628
    -698.7035533723388880     -0.0005915
    -694.8127165824772646     -0.0001350
    -690.9218797926154139     -0.0001536
    -687.0310430027537905     -0.0002733
    -683.1402062128253192      0.0001488
    -679.2493694229635821      0.0001975
    -675.3585326331019587      0.0003265
    -671.4676958431734874      0.0001641
    -667.5768590533118640     -0.0001795
    -663.6860222634501270      0.0000274
    -659.7951854735883899      0.0005244
    -655.9043486836600323      0.0004615
    -652.0135118937984089      0.0000509
    -648.1226751039365581     -0.0000762
    -644.2318383140082005     -0.0001705
    -640.3410015241465771      0.0001370
    -636.4501647342847264     -0.0006900
    -632.5593279443564825     -0.0003941
    -628.6684911544947454     -0.0000841
    -624.7776543646330083      0.0003573
    -620.8868175747712712     -0.0001741
    -616.9959807848430273     -0.0000908
    -613.1051439949811765      0.0005517
    -609.2143072050528190     -0.0000465
    -605.3234704151911956      0.0001300
    -601.4326336253293448      0.0006448
    -597.5417968354677214      0.0003326
    -593.6509600456058706     -0.0000039
    -589.7601232556776267     -0.0000191
    -585.8692864658158896      0.0001500
    -581.9784496758876458     -0.0002666
    -578.0876128860257950     -0.0002438
    -574.1967760961640579      0.0000690
    -570.3059393063023208      0.0001120
    -566.4151025164405837     -0.0000554
    -562.5242657265123398     -0.0002918
    -558.6334289366504890     -0.0005396
    -554.7425921467222452      0.0000449
    -550.8517553568605081     -0.0002068
    -546.9609185669986573     -0.0001067
    -543.0700817771370339     -0.0006489
    -539.1792449872751831     -0.0003114
    -535.2884081973469392     -0.0002192
    -531.3975714074852021     -0.0003930
    -527.5067346175569583      0.0004231
    -523.6158978276951075     -0.0003593
    -519.7250610378333704     -0.0000386
    -515.8342242479716333      0.0000111
    -511.9433874581098962      0.0003997
    -508.0525506681815386      0.0004710
    -504.1617138783198584      0.0002840
    -500.2708770883915008      0.0002563
    -496.3800402985297637      0.0003036
    -492.4892035086680835      0.0004305
    -488.5983667188063464      0.0004205
    -484.7075299288779888      0.0005660
    -480.8166931390162517     -0.0003051
    -476.9258563491545146     -0.0004054
    -473.0350195592261571      0.0000298
    -469.1441827693644200      0.0004982
    -465.2533459795027397     -0.0000998
    -461.3625091896410026     -0.0000263
    -457.4716723997126451      0.0000290
    -453.5808356098509648      0.0003485
    -449.6899988199891709      0.0003374
    -445.7991620300608702     -0.0003602
    -441.9083252401991331     -0.0005153
    -438.0174884503373960     -0.0001730
    -434.1266516604090384      0.0001320
    -430.2358148705473013      0.0007417
    -426.3449780806856211      0.0000459
    -422.4541412908238271      0.0001238
    -418.5633045008955264      0.0000700
    -414.6724677110337893      0.0000191
    -410.7816309211720522     -0.0000317
    -406.8907941312436947     -0.0000826
    -402.9999573413820144     -0.0001334
    -399.1091205515202773     -0.0001843
    -395.2182837616585402     -0.0002351
    -391.3274469717302395      0.0003931
    -387.4366101818684456     -0.0000711
    -383.5457733919401448     -0.0002735
    -379.6549366020783509     -0.0000068
    -375.7640998122166707      0.0002796
    -371.8732630223549336      0.0006194
    -367.9824262324931965      0.0005721
    -364.0915894425648958      0.0001946
    -360.2007526527031587      0.0001920
    -356.3099158627748011      0.0002350
    -352.4190790729130640      0.0002468
    -348.5282422830513269      0.0001966
    -344.6374054931895898     -0.0001750
    -340.7465687033278527      0.0003263
    -336.8557319133995520     -0.0000511
    -332.9648951235378149     -0.0001107
    -329.0740583336095142      0.0001412
    -325.1832215437477771      0.0000721
    -321.2923847538859832      0.0004371
    -317.4015479640242461      0.0003311
    -313.5107111741625090     -0.0003528
    -309.6198743842342083      0.0001351
    -305.7290375943724712      0.0001880
    -301.8382008044441704      0.0002750
    -297.9473640145824334      0.0000060
    -294.0565272247206394     -0.0004658
    -290.1656904348589023     -0.0005104
    -286.2748536449306016      0.0001152
    -282.3840168550688645     -0.0001281
    -278.4931800652071274      0.0002423
    -274.6023432752788267      0.0000140
    -270.7115064854170896      0.0001232
    -266.8206696955552957     -0.0000258
    -262.9298329056935586     -0.0000431
    -259.0389961157652579     -0.0003292
    -255.1481593259035208     -0.0002545
    -251.2573225360417837      0.0002402
    -247.3664857461134545     -0.0002576
    -243.4756489562517459      0.0000608
    -239.5848121663899803     -0.0004651
    -235.6939753764616512     -0.0003633
    -231.8031385865999425     -0.0001418
    -227.9123017967381770     -0.0001065
    -224.0214650068764399      0.0002928
    -220.1306282169481392     -0.0002594
    -216.2397914270864021     -0.0004744
    -212.3489546372246366      0.0000812
    -208.4581178472963643     -0.0000514
    -204.5672810574345988      0.0004055
    -200.6764442675728617     -0.0000735
    -196.7856074777110962     -0.0000440
    -192.8947706877827954      0.0000166
    -189.0039338979210584      0.0002454
    -185.1130971079927292      0.0005870
    -181.2222603181310205      0.0000084
    -177.3314235282692550     -0.0002817
    -173.4405867384075179      0.0001767
    -169.5497499485457524     -0.0000349
    -165.6589131586174801      0.0005080
    -161.7680763687557146     -0.0001240
    -157.8772395788274139     -0.0001646
    -153.9864027889656768      0.0001746
    -150.0955659991039113     -0.0000721
    -146.2047292092421742     -0.0002746
    -142.3138924193804371      0.0001698
    -138.4230556294521364      0.0003171
    -134.5322188395903709      0.0000218
    -130.6413820496620701     -0.0000181
    -126.7505452598003330      0.0003880
    -122.8597084699385817      0.0001797
    -118.9688716800768447      0.0001200
    -115.0780348902151076     -0.0001243
    -111.1871981002867926      0.0004944
    -107.2963613104250555      0.0006729
    -103.4055245204967406      0.0001519
     -99.5146877306350035     -0.0001844
     -95.6238509407732664     -0.0000339
     -91.7330141509115151      0.0000824
     -87.8421773609832002     -0.0000156
     -83.9513405711214631     -0.0006971
     -80.0605037812597118     -0.0005127
     -76.1696669913314111      0.0000762
     -72.2788302014696740     -0.0004841
     -68.3879934116079227     -0.0004492
     -64.4971566217461856     -0.0004144
     -60.6063198318178706     -0.0003796
     -56.7154830419561264     -0.0003448
     -52.8246462520943822     -0.0003099
     -48.9338094621660744     -0.0002751
     -45.0429726723043302     -0.0002403
     -41.1521358824425931     -0.0002054
     -37.2612990925142782     -0.0001706
     -33.3704623026525340     -0.0001358
     -29.4796255127907934     -0.0001010
     -25.5887887229290492     -0.0000661
     -21.6979519330007378     -0.0000313
     -17.8071151431389936      0.0000035
     -13.9162783532772529      0.0000384
     -10.0254415633489451      0.0000732
      -6.1346047734872009      0.0001080
      -2.2437679836254580      0.0001428
       1.6470688062695686      0.0001777
       5.5379055961313117      0.0001067
       9.4287423860263395      0.0000282
      13.3195791759213638     -0.0000350
      17.2104159658163915     -0.0000946
      21.1012527556781357     -0.0001507
      24.9920895455398764     -0.0002036
      28.8829263354349024     -0.0002535
      32.7737631252966466     -0.0003010
      36.6645999152249544     -0.0003462
      40.5554367050866986     -0.0003225
      44.4462734949817246     -0.0004536
      48.3371102848434688     -0.0002382
      52.2279470747052130     -0.0001267
      56.1187838646002319      0.0001505
      60.0096206544619761     -0.0003905
      63.9004574443902911     -0.0002726
      67.7912942342520353     -0.0001175
      71.6821310241470684     -0.0000405
      75.5729678140088055      0.0002318
      79.4638046038705568     -0.0001933
      83.3546413937655757      0.0003335
      87.2454781836938764      0.0003805
      91.1363149735556277      0.0000356
      95.0271517634173648      0.0000164
      98.9179885533123837     -0.0000083
     102.8088253431741350      0.0001213
     106.6996621330358721      0.0001354
     110.5904989229309194      0.0002331
     114.4813357128592202      0.0006415
     118.3721725027209573     -0.0002068
     122.2630092925827086     -0.0000012
     126.1538460824777275      0.0001990
     130.0446828723394788     -0.0002111
     133.9355196622011874     -0.0003304
     137.8263564521295166      0.0000554
     141.7171932420245355      0.0000823
     145.6080300318863010     -0.0001492
     149.4988668217480381     -0.0004094
     153.3897036116430570     -0.0000786
     157.2805404015048225      0.0002550
     161.1713771914331232      0.0001489
     165.0622139812948603      0.0000785
     168.9530507711898792      0.0000728
     172.8438875610516448     -0.0001634
     176.7347243509133818      0.0002433
     180.6255611408084008     -0.0000513
     184.5163979306701378      0.0004232
     188.4072347205984386      0.0000456
     192.2980715104602041     -0.0002891
     196.1889083003552230     -0.0002239
     200.0797450902169601     -0.0004506
     203.9705818800786972     -0.0004394
     207.8614186699737445     -0.0000229
     211.7522554598687634      0.0000466
     215.6430922497637823      0.0003124
     219.5339290396255478     -0.0000131
     223.4247658295205667     -0.0003064
     227.3156026193823038      0.0000545
     231.2064394092440409     -0.0000052
     235.0972761991723416      0.0001066
     238.9881129890341072      0.0003564
     242.8789497789291261      0.0009049
     246.7697865687908347      0.0002854
     250.6606233586859105     -0.0003346
     254.5514601485476192     -0.0000208
     258.4422969384094131     -0.0000151
     262.3331337283377138     -0.0003054
     266.2239705181994509     -0.0004217
     270.1148073080944414     -0.0003494
     274.0056440979561785     -0.0008169
     277.8964808878512258      0.0007137
     281.7873176777129629      0.0002108
     285.6781544676412636      0.0002411
     289.5689912575030576      0.0001123
     293.4598280473647947      0.0002014
     297.3506648372597851     -0.0010283
     301.2415016271215222     -0.0019200
     305.1323384170165696     -0.0036225
     309.0231752068783067     -0.0035411
     312.9140119968066074     -0.0055865
     316.8048487866683445     -0.0123364
     320.6956855765301384     -0.0223138
     324.5865223664251289     -0.0332908
     328.4773591562868660     -0.0480678
     332.3681959461819133     -0.0667094
     336.2590327360769038     -0.0904369
     340.1498695259719511     -0.1223220
     344.0407063158336882     -0.1631439
     347.9315431056954822     -0.2152541
     351.8223798955904726     -0.2814178
     355.7132166854522097     -0.3642710
     359.6040534753805105     -0.4681088
     363.4948902652422476     -0.5982341
     367.3857270551372949     -0.7586851
     371.2765638449990320     -0.9559252
     375.1674006348607691     -1.1984776
     379.0582374247558164     -1.4943464
     382.9490742146175535     -1.8530185
     386.8399110045458542     -2.2877243
     390.7307477944075913     -2.8122575
     394.6215845843026386     -3.4420311
     398.5124213741643189     -4.1963410
     402.4032581640260560     -5.0966945
     406.2940949539211033     -6.1674418
     410.1849317438162075     -7.4391885
     414.0757685337111980     -8.9435759
     417.9666053235729350    -10.7193241
     421.8574421134679824    -12.8093395
     425.7482789033296626    -15.2634077
     429.6391156931913997    -18.1383018
     433.5299524831197573    -21.4994049
     437.4207892729814375    -25.4191418
     441.3116260628764849    -29.9813766
     445.2024628527382788    -35.2805634
     449.0932996426332693    -41.4247589
     452.9841364324950064    -48.5337944
     456.8749732223567435    -56.7447281
     460.7658100122851010    -66.2119217
     464.6566468021467813    -77.1093140
     468.5474835920418286    -89.6314621
     472.4383203819036225   -103.9966125
     476.3291571717986130   -120.4529190
     480.2199939616603501   -139.2739410
     484.1108307515887077   -160.7691650
     488.0016675414503879   -185.2833252
     491.8925043313121250   -213.2018433
     495.7833411212071724   -244.9534302
     499.6741779110689663   -281.0175476
     503.5650147009639568   -321.9275818
     507.4558514908256939   -368.2768860
     511.3466882807540514   -420.7237854
     515.2375250706157885   -480.0003967
     519.1283618604775256   -546.9187622
     523.0191986503724593   -622.3778076
     526.9100354402341964   -707.3742065
     530.8008722301293574   -803.0093994
     534.6917090200242910   -910.5012817
     538.5825458099193384  -1031.1949463
     542.4733825997810754  -1166.5747070
     546.3642193896428125  -1318.2781982
     550.2550561795378599  -1488.1079102
     554.1458929693995970  -1678.0505371
     558.0367297593279545  -1890.2900391
     561.9275665491895779  -2127.2285156
     565.8184033390847389  -2391.5051270
     569.7092401289463623  -2686.0158691
     573.6000769188082131  -3013.9379883
     577.4909137087032605  -3378.7556152
     581.3817504985648839  -3784.2863770
     585.2725872884932414  -4234.7080078
     589.1634240783549785  -4734.5922852
     593.0542608682500259  -5288.9399414
     596.9450976581117629  -5903.2119141
     600.8359344479735000  -6583.3769531
     604.7267712378684337  -7335.9448242
     608.6176080277967912  -8168.0205078
     612.5084448176586420  -9087.3457031
     616.3992816075202654 -10102.3564453
     620.2901183974154264 -11222.2412109
     624.1809551872770498 -12456.9990234
     628.0717919771387869 -13817.5019531
     631.9626287670338343 -15315.5693359
     635.8534655569621918 -16964.0507812
     639.7443023468238152 -18776.8984375
     643.6351391366856660 -20769.2500000
     647.5259759265807133 -22957.5312500
     651.4168127164423368 -25359.5527344
     655.3076495063041875 -27994.6152344
     659.1984862962324314 -30883.6347656
     663.0893230861274787 -34049.2460938
     666.9801598759892158 -37515.9531250
     670.8709966658509529 -41310.2500000
     674.7618334557461139 -45460.8007812
     678.6526702456077373 -49998.5742188
     682.5435070355360949 -54957.0234375
     686.4343438253978320 -60372.2656250
     690.3251806152928793 -66283.2734375
     694.2160174051545027 -72732.1093750
     698.1068541950163535 -79764.1875000
     701.9976909849114008 -87428.3203125
     705.8885277747730242 -95777.1953125
     709.7793645647014955-104867.5546875
     713.6702013545631189-114760.4765625
     717.5610381444581662-125521.6718750
     721.4518749343199033-137221.8593750
     725.3427117241816404-149937.0625000
     729.2335485140765741-163748.9843750
     733.1243853039717351-178745.4687500
     737.0152220938667824-195020.8281250
     740.9060588837284058-212676.2968750
     744.7968956736235668-231820.5781250
     748.6877324634851902-252570.2812500
     752.5785692533470410-275050.4687500
     756.4694060432752849-299395.2500000
     760.3602428331370220-325748.2812500
     764.2510796230319556-354263.5937500
     768.1419164128938064-385106.0625000
     772.0327532027888537-418452.2500000
     775.9235899926505908-454491.0937500
     779.8144267825123279-493424.8437500
     783.7052635724405718-535469.6875000
     787.5961003623024226-580856.9375000
     791.4869371521973562-629833.6875000
     795.3777739420590933-682664.1250000
     799.2686107319542543-739630.3125000
     803.1594475218158777-801033.5625000
     807.0502843117442353-867195.6250000
     810.9411211016059724-938459.6250000
     814.8319578914677095***************
     818.7227946813626431***************
     822.6136314712244939***************
     826.5044682611195412***************
     830.3953050509812783***************
     834.2861418409096359***************
     838.1769786307712593***************
     842.0678154206331101***************
     845.9586522105280437***************
     849.8494890003897808***************
     853.7403257902849418***************
     857.6311625801798755***************
     861.5219993700749228***************
     865.4128361599366599***************
     869.3036729497983970***************
     873.1945097396933306***************
     877.0853465295551814***************
     880.9761833194834253***************
     884.8670201093451624***************
     888.7578568992403234***************
     892.6486936891019468***************
     896.5395304789637976***************
     900.4303672688587312***************
     904.3212040587204683***************
     908.2120408486487122***************
     912.1028776385105630***************
     915.9937144284054966***************
     919.8845512182673474***************
     923.7753880081290845***************
     927.6662247980240181***************
     931.5570615879191791***************
     935.4478983778141128***************
     939.3387351676758499***************
     943.2295719575708972***************
     947.1204087474326343***************
     951.0112455372943714***************
     954.9020823272227290***************
     958.7929191170844661***************
     962.6837559069793997***************
     966.5745926968412505***************
     970.4654294867361841***************
     974.3562662765979212***************
     978.2471030664597720***************
     982.1379398563880159***************
     986.0287766462498666***************
     989.9196134361448003***************
     993.8104502260065374***************
     997.7012870159015847***************
    1001.5921238057633218***************
    1005.4829605956915657***************
    1009.3737973855534165***************
    1013.2646341754151535***************
    1017.1554709653100872***************
    1021.0463077551719380***************
    1024.9371445450667579***************
    1028.8279813349286087***************
    1032.7188181248568526***************
    1036.6096549147187034***************
    1040.5004917045805541***************
    1044.3913284944753741***************
    1048.2821652843372249***************
    1052.1730020742322722***************
    1056.0638388641270922***************
    1059.9546756540223669***************
    1063.8455124438839903***************
    1067.7363492337458410***************
    1071.6271860236408884***************
    1075.5180228135025118***************
    1079.4088596034307557***************
    1083.2996963932926064***************
    1087.1905331831876538***************
    1091.0813699730492772***************
    1094.9722067629111280***************
    1098.8630435528061753***************
    1102.7538803426680261***************
    1106.6447171325962699***************
    1110.5355539224578933***************
    1114.4263907123529407***************
    1118.3172275022147915***************
    1122.2080642920764149***************
    1126.0989010819714622***************
    1129.9897378718665095***************
    1133.8805746617615569***************
    1137.7714114516234076***************
    1141.6622482415184550***************
    1145.5530850313798510***************
    1149.4439218212417018***************
    1153.3347586111367491***************
    1157.2255954010317964***************
    1161.1164321909268438***************
    1165.0072689807884672***************
    1168.8981057706835145***************
    1172.7889425605453653***************
    1176.6797793504072160***************
    1180.5706161403352326***************
    1184.4614529301970833***************
    1188.3522897200921307***************
    1192.2431265099539814***************
    1196.1339632998490288***************
    1200.0248000897106522***************
    1203.9156368796388961***************
    1207.8064736695007468***************
    1211.6973104593625976***************
    1215.5881472492574176***************
    1219.4789840391192683***************
    1223.3698208290143157***************
    1227.2606576188761665***************
    1231.1514944088044103***************
    1235.0423311986660337***************
    1238.9331679885278845***************
    1242.8240047784229318***************
    1246.7148415682845553***************
    1250.6056783581796026***************
    1254.4965151480746499***************
    1258.3873519379696972***************
    1262.2781887278315480***************
    1266.1690255176931714***************
    1270.0598623075879914***************
    1273.9506990974498422***************
    1277.8415358873783134***************
    1281.7323726772401642***************
    1285.6232094671349842***************
    1289.5140462569966076***************
    1293.4048830468584583***************
    1297.2957198367535057***************
    1301.1865566266153564***************
    1305.0773934165436003***************
    1308.9682302064052237***************
    1312.8590669963002711***************
    1316.7499037861621218***************
    1320.6407405760239726***************
    1324.5315773659187926***************
    1328.4224141558472638***************
    1332.3132509457088872***************
    1336.2040877355707380***************
    1340.0949245254655580***************
    1343.9857613153274087***************
    1347.8765981051892595***************
    1351.7674348950843068***************
    1355.6582716850125507***************
    1359.5491084748741741***************
    1363.4399452647360249***************
    1367.3307820546310722***************
    1371.2216188444929230***************
    1375.1124556343545464***************
    1379.0032924242827903***************
    1382.8941292141778376***************
    1386.7849660040396884***************
    1390.6758027939013118***************
    1394.5666395837963591***************
    1398.4574763736579825***************
    1402.3483131635864538***************
    1406.2391499534483046***************
    1410.1299867433433519***************
    1414.0208235332047479***************
    1417.9116603230665987***************
    1421.8024971129616461***************
    1425.6933339028234968***************
    1429.5841706927517407***************
    1433.4750074826133641***************
    1437.3658442725084114***************
    1441.2566810623702622***************
    1445.1475178522321130***************
    1449.0383546421269330***************
    1452.9291914320219803***************
    1456.8200282219170276***************
    1460.7108650117788784***************
    1464.6017018016736984***************
    1468.4925385915355491***************
    1472.3833753813973999***************
    1476.2742121713256438***************
    1480.1650489611874946***************
    1484.0558857510823145***************
    1487.9467225409441653***************
    1491.8375593308392126***************
    1495.7283961207010634***************
    1499.6192329105626868***************
    1503.5100697004909307***************
    1507.4009064903527815***************
    1511.2917432802478288***************
    1515.1825800701096796***************
    1519.0734168600044995***************
    1522.9642536498661229***************
    1526.8550904397945942***************
    1530.7459272296564450***************
    1534.6367640195180684***************
    1538.5276008094131157***************
    1542.4184375992747391***************
    1546.3092743891697864***************
    1550.2001111790316372***************
    1554.0909479689598811***************
    1557.9817847588215045***************
    1561.8726215486833553***************
    1565.7634583385784026***************
    1569.6542951284402534***************
    1573.5451319183350734***************
    1577.4359687082301207***************
    1581.3268054981251680***************
    1585.2176422879870188***************
    1589.1084790778488696***************
    1592.9993158677436895***************
    1596.8901526576055403***************
    1600.7809894475337842***************
    1604.6718262373956350***************
    1608.5626630272904549***************
    1612.4534998171523057***************
    1616.3443366070141565***************
    1620.2351733969092038***************
    1624.1260101867708272***************
    1628.0168469766990711***************
    1631.9076837665609219***************
    1635.7985205564559692***************
    1639.6893573463178200***************
    1643.5801941361792160***************
    1647.4710309260742633***************
    1651.3618677159695380***************
    1655.2527045058645854***************
    1659.1435412957262088***************
    1663.0343780856212561***************
    1666.9252148754828795***************
    1670.8160516653447303***************
    1674.7068884552397776***************
    1678.5977252451345976***************
    1682.4885620350296449***************
    1686.3793988248914957***************
    1690.2702356147865430***************
    1694.1610724046483938***************
    1698.0519091945100172***************
    1701.9427459844382611***************
    1705.8335827743001119***************
    1709.7244195641951592***************
    1713.6152563540570100***************
    1717.5060931439518299***************
    1721.3969299338136807***************
    1725.2877667237419246***************
    1729.1786035136037754***************
    1733.0694403034653988***************
    1736.9602770933604461***************
    1740.8511138832222969***************
    1744.7419506731173442***************
    1748.6327874629791950***************
    1752.5236242529072115***************
    1756.4144610427690623***************
    1760.3052978326309130***************
    1764.1961346225259604***************
    1768.0869714123873564***************
    1771.9778082022826311***************
    1775.8686449921776784***************
    1779.7594817820727258***************
    1783.6503185719345765***************
    1787.5411553617959726***************
    1791.4319921516910199***************
    1795.3228289415528707***************
    1799.2136657314813419***************
    1803.1045025213427380***************
    1806.9953393112380127***************
    1810.8861761010996361***************
    1814.7770128909614868***************
    1818.6678496808565342***************
    1822.5586864707181576***************
    1826.4495232606464015***************
    1830.3403600505082522***************
    1834.2311968404032996***************
    1838.1220336302651504***************
    1842.0128704201267738***************
    1845.9037072100218211***************
    1849.7945439999500650***************
    1853.6853807898119157***************
    1857.5762175796735391***************
    1861.4670543695685865***************
    1865.3578911594304373***************
    1869.2487279492920607***************
    1873.1395647391873354***************
