Scan:      6            M31-E 2020-07-24 +13 26 36.5
          RADIO                  Ta    
        km/s-LSR                 I
    -988.6160058452265957     -0.3449694
    -984.7274069132544128     -0.3375257
    -980.8388079812157230     -0.3304517
    -976.9502090491771469     -0.3295480
    -973.0616101172049639     -0.3227651
    -969.1730111852327809     -0.3040421
    -965.2844122531940911     -0.2871404
    -961.3958133212221355     -0.2713271
    -957.5072143891833321     -0.2546309
    -953.6186154572112628     -0.2348405
    -949.7300165252390798     -0.2130676
    -945.8414175932005037     -0.1898694
    -941.9528186612283207     -0.1667881
    -938.0642197292562514     -0.1446961
    -934.1756207972174479     -0.1237700
    -930.2870218651788718     -0.1058571
    -926.3984229332066889     -0.0900334
    -922.5098240012346196     -0.0770811
    -918.6212250692624366     -0.0664631
    -914.7326261372237468     -0.0569028
    -910.8440272052516775     -0.0482383
    -906.9554282732129877     -0.0416976
    -903.0668293412408048     -0.0361490
    -899.1782304092021150     -0.0315379
    -895.2896314772300457     -0.0270782
    -891.4010325452579764     -0.0231640
    -887.5124336132857934     -0.0203377
    -883.6238346812471036     -0.0174971
    -879.7352357492084138     -0.0149627
    -875.8466368172363445     -0.0130682
    -871.9580378852641616     -0.0111492
    -868.0694389532254718     -0.0096756
    -864.1808400212532888     -0.0086203
    -860.2922410892813332     -0.0302948
    -856.4036421572426434     -0.1676002
    -852.5150432252704604     -0.1933647
    -848.6264442932317706     -0.1249306
    -844.7378453612597013     -0.0932910
    -840.8492464292875184     -0.1563302
    -836.9606474972488286     -0.2233935
    -833.0720485652101388     -0.1138624
    -829.1834496332380695     -0.0256307
    -825.2948507012660002     -0.0023860
    -821.4062517692938172     -0.0013746
    -817.5176528372551275     -0.0021492
    -813.6290539052829445     -0.0018415
    -809.7404549733108752     -0.0008069
    -805.8518560412721854     -0.0004735
    -801.9632571092334956     -0.0007335
    -798.0746581772613126     -0.0019222
    -794.1860592452893570      0.0001881
    -790.2974603133171740      0.0000561
    -786.4088613812784843     -0.0001998
    -782.5202624492396808     -0.0001130
    -778.6316635172677252     -0.0000736
    -774.7430645852955422      0.0001899
    -770.8544656532568524      0.0000598
    -766.9658667212846694      0.0003135
    -763.0772677893126001      0.0002839
    -759.1886688573404172     -0.0003822
    -755.3000699253018411      0.0000999
    -751.4114709932630376     -0.0000775
    -747.5228720612909683      0.0003670
    -743.6342731293187853      0.0001541
    -739.7456741972802092      0.0001619
    -735.8570752653080262     -0.0004199
    -731.9684763332693365     -0.0003297
    -728.0798774012972672      0.0003650
    -724.1912784693251979     -0.0000399
    -720.3026795372865081      0.0003252
    -716.4140806053143251      0.0002147
    -712.5254816733421421     -0.0004125
    -708.6368827413035660     -0.0001128
    -704.7482838092648763     -0.0001344
    -700.8596848772926933     -0.0001850
    -696.9710859453206240      0.0001638
    -693.0824870133484410      0.0000924
    -689.1938880813098649     -0.0003848
    -685.3052891493376819     -0.0002797
    -681.4166902172989921      0.0004072
    -677.5280912853269228      0.0003841
    -673.6394923532882331      0.0002364
    -669.7508934213160501      0.0001131
    -665.8622944893439808     -0.0006030
    -661.9736955573717978     -0.0013628
    -658.0850966253332217     -0.0002777
    -654.1964976932944182     -0.0000300
    -650.3078987613223489      0.0003611
    -646.4192998293501660      0.0008854
    -642.5307008973115899      0.0004205
    -638.6421019653394069      0.0003445
    -634.7535030333007171      0.0006468
    -630.8649041013285341      0.0005569
    -626.9763051693564648      0.0006820
    -623.0877062373177750     -0.0002951
    -619.1991073053457058      0.0007176
    -615.3105083733735228      0.0005133
    -611.4219094413349467      0.0006750
    -607.5333105092962569      0.0004220
    -603.6447115773240739     -0.0010765
    -599.7561126453518909     -0.0009657
    -595.8675137133798216     -0.0003369
    -591.9789147813412455      0.0001386
    -588.0903158493690626      0.0002909
    -584.2017169173303728     -0.0000448
    -580.3131179853581898     -0.0000352
    -576.4245190533196137     -0.0000235
    -572.5359201213474307     -0.0005376
    -568.6473211893753614     -0.0007148
    -564.7587222574031784     -0.0009983
    -560.8701233253646024     -0.0005224
    -556.9815243933257989      0.0001159
    -553.0929254613537296      0.0001780
    -549.2043265293815466     -0.0000525
    -545.3157275973429705     -0.0002871
    -541.4271286653707875     -0.0001603
    -537.5385297333987182      0.0000887
    -533.6499308013599148     -0.0002496
    -529.7613318693878455     -0.0000830
    -525.8727329373491557     -0.0007965
    -521.9841340053770864     -0.0002516
    -518.0955350734049034     -0.0002682
    -514.2069361413662136     -0.0003995
    -510.3183372093275807      0.0000068
    -506.4297382773554546      0.0000357
    -502.5411393453833284      0.0001418
    -498.6525404134112023     -0.0000459
    -494.7639414813725125     -0.0004164
    -490.8753425494003864     -0.0002371
    -486.9867436174283171      0.0002326
    -483.0981446853895704      0.0001434
    -479.2095457533508807     -0.0002915
    -475.3209468213787545     -0.0004402
    -471.4323478894066852     -0.0005526
    -467.5437489574345591     -0.0002594
    -463.6551500253958693     -0.0010959
    -459.7665510933571227     -0.0008048
    -455.8779521613850534     -0.0004942
    -451.9893532294129272     -0.0000470
    -448.1007542973742375     -0.0005673
    -444.2121553654021113     -0.0004676
    -440.3235564334299852      0.0001962
    -436.4349575013912954     -0.0003760
    -432.5463585694191693     -0.0001693
    -428.6577596373804795      0.0003794
    -424.7691607054083534      0.0001040
    -420.8805617734362841     -0.0001933
    -416.9919628413975374     -0.0001677
    -413.1033639094254681      0.0000431
    -409.2147649773867784     -0.0003319
    -405.3261660454146522     -0.0002682
    -401.4375671134425261      0.0000839
    -397.5489681814038931      0.0001639
    -393.6603692494317102      0.0000305
    -389.7717703174595840     -0.0001755
    -385.8831713854209511     -0.0003972
    -381.9945724533822613      0.0002087
    -378.1059735214101352     -0.0000268
    -374.2173745894380090      0.0000841
    -370.3287756574659397     -0.0004529
    -366.4401767254271931     -0.0001160
    -362.5515777934551238     -0.0000299
    -358.6629788614163772     -0.0002155
    -354.7743799294443079      0.0005837
    -350.8857809974055613     -0.0002204
    -346.9971820654334920      0.0000742
    -343.1085831334613658      0.0000941
    -339.2199842014892397      0.0004497
    -335.3313852694505499      0.0004859
    -331.4427863374118601      0.0002623
    -327.5541874054397340      0.0001974
    -323.6655884734676079      0.0002078
    -319.7769895414289181      0.0002992
    -315.8883906094567919      0.0002558
    -311.9997916774181022      0.0003712
    -308.1111927454459760     -0.0005259
    -304.2225938134739067     -0.0006474
    -300.3339948814351601     -0.0002276
    -296.4453959494630908      0.0002317
    -292.5567970174909647     -0.0003685
    -288.6681980854522749     -0.0002898
    -284.7795991534135851     -0.0002217
    -280.8910002214415158      0.0001183
    -277.0024012894693328      0.0001352
    -273.1138023574972067     -0.0005272
    -269.2252034254585737     -0.0006402
    -265.3366044934863908     -0.0002499
    -261.4480055614477578      0.0001079
    -257.5594066294756317      0.0007739
    -253.6708076974369419      0.0001364
    -249.7822087654648158      0.0002870
    -245.8936098334926896      0.0002750
    -242.0050109014540283      0.0005038
    -238.1164119694818737     -0.0001647
    -234.2278130374432124     -0.0004648
    -230.3392141054710862     -0.0002431
    -226.4506151734989885     -0.0001733
    -222.5620162414602703     -0.0001317
    -218.6734173094881726      0.0006737
    -214.7848183775160464      0.0001237
    -210.8962194454773567     -0.0001986
    -207.0076205135052305     -0.0000949
    -203.1190215814665407     -0.0000206
    -199.2304226494944430      0.0000515
    -195.3418237175223169     -0.0003258
    -191.4532247854836271     -0.0011026
    -187.5646258534449373     -0.0015812
    -183.6760269214728396     -0.0020987
    -179.7874279895006850     -0.0027398
    -175.8988290575285873     -0.0035439
    -172.0102301254898975     -0.0047788
    -168.1216311935177714     -0.0052596
    -164.2330322615456453     -0.0067471
    -160.3444333295069839     -0.0080544
    -156.4558343974682657     -0.0091979
    -152.5672354654961680     -0.0108203
    -148.6786365335240419     -0.0121772
    -144.7900376014853521     -0.0141846
    -140.9014386695132544     -0.0169606
    -137.0128397374745646     -0.0187670
    -133.1242408055024384     -0.0212225
    -129.2356418735303123     -0.0238702
    -125.3470429414916225     -0.0271126
    -121.4584440095195106     -0.0308094
    -117.5698450775473844     -0.0343437
    -113.6812461455087089     -0.0374860
    -109.7926472135365970     -0.0417892
    -105.9040482814979072     -0.0457849
    -102.0154493495257810     -0.0507000
     -98.1268504175536691     -0.0556132
     -94.2382514855149793     -0.0611356
     -90.3496525535428532     -0.0668927
     -86.4610536215041634     -0.0733014
     -82.5724546895320515     -0.0797485
     -78.6838557575599253     -0.0861916
     -74.7952568255212356     -0.0940607
     -70.9066578935491236     -0.1015649
     -67.0180589615769975     -0.1103830
     -63.1294600295383219     -0.1190618
     -59.2408610974996321     -0.1281286
     -55.3522621655275131     -0.1379092
     -51.4636632335553941     -0.1478735
     -47.5750643015167114     -0.1593582
     -43.6864653695445853     -0.1710958
     -39.7978664375724662     -0.1826753
     -35.9092675055337835     -0.1955779
     -32.0206685735616645     -0.2085492
     -28.1320696415229783     -0.2231386
     -24.2434707095508593     -0.2379263
     -20.3548717775787402     -0.2534148
     -16.4662728455400540     -0.2694930
     -12.5776739135679367     -0.2862428
      -8.6890749815292487     -0.3047246
      -4.8004760495571297     -0.3237578
      -0.9118771175850112     -0.3429111
       2.9767218144203915     -0.3636326
       6.8653207464257946     -0.3845282
      10.7539196784644808     -0.4075582
      14.6425186104365999     -0.4309883
      18.5311175424420043     -0.4550630
      22.4197164744474051     -0.4807812
      26.3083154064195277     -0.5075475
      30.1969143384249286     -0.5347942
      34.0855132703970440     -0.5635015
      37.9741122024357338     -0.5938518
      41.8627111344411418     -0.6251851
      45.7513100664132608     -0.6573494
      49.6399089984186546     -0.6914449
      53.5285079304240554     -0.7267491
      57.4171068623961744     -0.7636366
      61.3057057944348642     -0.8011024
      65.1943047264402651     -0.8404931
      69.0829036584123770     -0.8821124
      72.9715025904177850     -0.9251212
      76.8601015223899111     -0.9692640
      80.7487004543953049     -1.0151089
      84.6372993864339946     -1.0628844
      88.5258983184394026     -1.1130091
      92.4144972504115145     -1.1640837
      96.3030961824169225     -1.2166213
     100.1916951143890486     -1.2722274
     104.0802940463944424     -1.3286426
     107.9688929783998503     -1.3875566
     111.8574919104052583     -1.4485517
     115.7460908424106663     -1.5115473
     119.6346897744160458     -1.5770428
     123.5232887063881719     -1.6449107
     127.4118876383935799     -1.7153534
     131.3004865703657060     -1.7880781
     135.1890855024043674     -1.8627356
     139.0776844344097753     -1.9410774
     142.9662833663819299     -2.0207894
     146.8548822983873094     -2.1024299
     150.7434812303926890     -2.1869361
     154.6320801623648435     -2.2743988
     158.5206790943702231     -2.3657017
     162.4092780264089129     -2.4602425
     166.2978769583810390     -2.5574832
     170.1864758903864470     -2.6574662
     174.0750748223918549     -2.7597082
     177.9636737543639526     -2.8661053
     181.8522726863693606     -2.9755373
     185.7408716184080504     -3.0884252
     189.6294705503801765     -3.2047620
     193.5180694823855845     -3.3246026
     197.4066684143577106     -3.4480300
     201.2952673463631186     -3.5751643
     205.1838662783685265     -3.7057621
     209.0724652103738777     -3.8401501
     212.9610641423792856     -3.9781783
     216.8496630743846936     -4.1207061
     220.7382620063568197     -4.2670684
     224.6268609383622277     -4.4177260
     228.5154598703343254     -4.5725040
     232.4040588023397333     -4.7324805
     236.2926577343784516     -4.8962731
     240.1812566663505493     -5.0646000
     244.0698555983559572     -5.2376742
     247.9584545303613652     -5.4153223
     251.8470534623334913     -5.5985374
     255.7356523943388993     -5.7857742
     259.6242513263775891     -5.9785681
     263.5128502583496584     -6.1769376
     267.4014491903550947     -6.3802729
     271.2900481223604743     -6.5890145
     275.1786470543326004     -6.8031149
     279.0672459863379800     -7.0229559
     282.9558449183101061     -7.2484546
     286.8444438503487959     -7.4794998
     290.7330427823542323     -7.7177782
     294.6216417143263584     -7.9610991
     298.5102406463317379     -8.2106447
     302.3988395783371743     -8.4671440
     306.2874385103092436     -8.7298222
     310.1760374423479902     -8.9985933
     314.0646363743533698     -9.2744503
     317.9532353063254959     -9.5574255
     321.8418342383308755     -9.8474226
     325.7304331703030016    -10.1439571
     329.6190321023084380    -10.4477558
     333.5076310343471278    -10.7593994
     337.3962299663191970    -11.0785542
     341.2848288983246334    -11.4053335
     345.1734278303300130    -11.7401791
     349.0620267623021391    -12.0823622
     352.9506256943075755    -12.4333782
     356.8392246262796448    -12.7919044
     360.7278235583183914    -13.1597166
     364.6164224903237141    -13.5360737
     368.5050214223291505    -13.9207754
     372.3936203543012198    -14.3146706
     376.2822192863066562    -14.7173901
     380.1708182182788391    -15.1289310
     384.0594171503174721    -15.5502090
     387.9480160823228516    -15.9808493
     391.8366150142949778    -16.4218082
     395.7252139463003573    -16.8726368
     399.6138128783057937    -17.3328838
     403.5024118102779198    -17.8038082
     407.3910107423166096    -18.2849941
     411.2796096743219891    -18.7766609
     415.1682086062941153    -19.2788353
     419.0568075382995517    -19.7931728
     422.9454064702716209    -20.3186989
     426.8340054022770573    -20.8546753
     430.7226043342824369    -21.4025402
     434.6112032663211835    -21.9624825
     438.4998021982932528    -22.5342293
     442.3884011302986892    -23.1179676
     446.2770000622708153    -23.7146206
     450.1655989942761948    -24.3218441
     454.0541979262483210    -24.9438534
     457.9427968582870108    -25.5782585
     461.8313957902923903    -26.2259121
     465.7199947222978267    -26.8865757
     469.6085936542699528    -27.5619392
     473.4971925862753324    -28.2504902
     477.3857915182474585    -28.9533558
     481.2743904502528380    -29.6694813
     485.1629893822915278    -30.4008999
     489.0515883142636540    -31.1472874
     492.9401872462690335    -31.9090366
     496.8287861782744130    -32.6857300
     500.7173851102465960    -33.4780121
     504.6059840422519756    -34.2860603
     508.4945829742906653    -35.1100883
     512.3831819062627346    -35.9504471
     516.2717808382681142    -36.8070679
     520.1603797702402971    -37.6803703
     524.0489787022456767    -38.5707321
     527.9375776342510562    -39.4778595
     531.8261765662897460    -40.4025154
     535.7147754982619290    -41.3457489
     539.6033744302674222    -42.3065147
     543.4919733622393778    -43.2852211
     547.3805722942448710    -44.2832146
     551.2691712262169403    -45.3000298
     555.1577701582224336    -46.3351936
     559.0463690902610097    -47.3902664
     562.9349680222663892    -48.4653969
     566.8235669542385722    -49.5601158
     570.7121658862439517    -50.6752548
     574.6007648182161347    -51.8109322
     578.4893637502214006    -52.9667702
     582.3779626822602040    -54.1448631
     586.2665616142322733    -55.3440323
     590.1551605462377665    -56.5653152
     594.0437594782430324    -57.8084335
     597.9323584102152154    -59.0737686
     601.8209573422205949    -60.3616829
     605.7095562742593984    -61.6732712
     609.5981552062313540    -63.0077972
     613.4867541382368472    -64.3660049
     617.3753530702089165    -65.7480927
     621.2639520022144097    -67.1553421
     625.1525509342197893    -68.5868454
     629.0411498661918586    -70.0433121
     632.9297487982305483    -71.5253143
     636.8183477302360416    -73.0336227
     640.7069466622081109    -74.5679703
     644.5955455942134904    -76.1277771
     648.4841445262188699    -77.7156219
     652.3727434581910529    -79.3298874
     656.2613423902297427    -80.9719620
     660.1499413222351222    -82.6421204
     664.0385402542071915    -84.3410187
     667.9271391862126848    -86.0680389
     671.8157381181847541    -87.8241425
     675.7043370501902473    -89.6098328
     679.5929359821955131    -91.4257812
     683.4815349142010064    -93.2715759
     687.3701338462063859    -95.1479340
     691.2587327782116517    -97.0556946
     695.1473317101838347    -98.9946594
     699.0359306421892143   -100.9658737
     702.9245295741613972   -102.9694290
     706.8131285062000870   -105.0057144
     710.7017274382054666   -107.0750275
     714.5903263701775359   -109.1778183
     718.4789253021830291   -111.3150330
     722.3675242341884086   -113.4861298
     726.2561231661605916   -115.6924820
     730.1447220981991677   -117.9337387
     734.0333210302046609   -120.2106628
     737.9219199621767302   -122.5244904
     741.8105188941822234   -124.8750916
     745.6991178261874893   -127.2622681
     749.5877167581596723   -129.6868439
     753.4763156901650518   -132.1502228
     757.3649146222037416   -134.6519775
     761.2535135541758109   -137.1925354
     765.1421124861813041   -139.7730865
     769.0307114181533734   -142.3928070
     772.9193103501588666   -145.0537720
     776.8079092821641325   -147.7550201
     780.6965082141696257   -150.4990692
     784.5851071461750053   -153.2842865
     788.4737060781804985   -156.1116028
     792.3623050101525678   -158.9822540
     796.2509039421579473   -161.8965454
     800.1395028741300166   -164.8545990
     804.0281018061355098   -167.8562927
     807.9167007381740859   -170.9030457
     811.8052996701462689   -173.9976349
     815.6938986021516484   -177.1378479
     819.5824975341570280   -180.3244171
     823.4710964661292110   -183.5586853
     827.3596953981344768   -186.8398743
     831.2482943301732803   -190.1704407
     835.1368932621453496   -193.5502014
     839.0254921941508428   -196.9790649
     842.9140911261561087   -200.4560852
     846.8026900581282916   -203.9844360
     850.6912889901336712   -207.5646057
     854.5798879221724746   -211.1969604
     858.4684868541445439   -214.8817291
     862.3570857861499235   -218.6106873
     866.2456847181219928   -222.3774261
     870.1342836501274860   -226.2540588
     874.0228825821328655   -230.1576080
     877.9114815141049348   -234.1142426
     881.8000804461436246   -238.1259613
     885.6886793781491178   -242.1945953
     889.5772783101211871   -246.3206024
     893.4658772421265667   -250.5056152
     897.3544761740986360   -254.7487946
     901.2430751061041292   -259.0466003
     905.1316740381428190   -263.4033508
     909.0202729701150020   -267.8366394
     912.9088719021202678   -272.3217773
     916.7974708341257610   -276.8678589
     920.6860697660978303   -281.4757996
     924.5746686981033235   -286.1488342
     928.4632676301418996   -290.8859558
     932.3518665621140826   -295.6869507
     936.2404654941194622   -300.5543213
     940.1290644261248417   -305.4876099
     944.0176633580969110   -310.4873352
     947.9062622901022905   -315.5545044
     951.7948612220744735   -320.6899719
     955.6834601541131633   -325.8952332
     959.5720590861185428   -331.1695251
     963.4606580180906121   -336.5150757
     967.3492569500961054   -341.9323425
     971.2378558821014849   -347.4208374
     975.1264548140736679   -352.9822998
     979.0150537461122440   -358.6173096
     982.9036526781177372   -364.3269958
     986.7922516100898065   -370.1116028
     990.6808505420952997   -375.9717102
     994.5694494740672553   -381.9093628
     998.4580484060727485   -387.9242554
    1002.3466473380781281   -394.0167542
    1006.2352462701169316   -400.1896057
    1010.1238452020888872   -406.4412231
    1014.0124441340943804   -412.7741699
    1017.9010430660664497   -419.1885071
    1021.7896419980719429   -425.6849365
    1025.6782409300440122   -432.2653809
    1029.5668398620828157   -438.9296570
    1033.4554387940881952   -445.6784973
    1037.3440377260935747   -452.5134888
    1041.2326366580655304   -459.4349365
    1045.1212355900711373   -466.4450073
    1049.0098345220430929   -473.5428162
    1052.8984334540818963   -480.7293091
    1056.7870323860870485   -488.0072021
    1060.6756313180592315   -495.3757629
    1064.5642302500648384   -502.8356934
    1068.4528291820702179   -510.3896179
    1072.3414281140424009   -518.0364990
    1076.2300270460475531   -525.7789307
    1080.1186259780863566   -533.6167603
    1084.0072249100585395   -541.5509033
    1087.8958238420636917   -549.5820923
    1091.7844227740358747   -557.7128906
    1095.6730217060414816   -565.9429932
    1099.5616206380468611   -574.2740479
    1103.4502195700854372   -582.7063599
    1107.3388185020576202   -591.2407227
    1111.2274174340629997   -599.8783569
    1115.1160163660351827   -608.6206055
    1119.0046152980403349   -617.4690552
    1122.8932142300125179   -626.4232788
    1126.7818131620513213   -635.4852295
    1130.6704120940569283   -644.6578979
    1134.5590110260620804   -653.9357300
    1138.4476099580342634   -663.3252563
    1142.3362088900396429   -672.8272095
    1146.2248078220118259   -682.4418335
    1150.1134067540172055   -692.1701050
    1154.0020056860557816   -702.0130005
    1157.8906046180279645   -711.9718628
    1161.7792035500335714   -722.0479126
    1165.6678024820387236   -732.2403564
    1169.5564014140109066   -742.5558472
    1173.4450003460162861   -752.9890137
    1177.3335992780548622   -763.5440674
    1181.2221982100270452   -774.2213135
    1185.1107971420324247   -785.0228271
    1188.9993960740046077   -795.9484253
    1192.8879950060102146   -807.0000610
    1196.7765939380153668   -818.1788940
    1200.6651928699875498   -829.4874268
    1204.5537918020263533   -840.9246826
    1208.4423907340315054   -852.4910278
    1212.3309896660036884   -864.1885986
    1216.2195885980092953   -876.0198364
    1220.1081875300146748   -887.9855347
    1223.9967864619866305   -900.0864258
    1227.8853853940254339   -912.3245239
    1231.7739843260308135   -924.7002563
    1235.6625832580029964   -937.2148438
    1239.5511821900081486   -949.8704834
    1243.4397811219803316   -962.6671143
    1247.3283800539859385   -975.6069946
    1251.2169789860245146   -988.6916504
    1255.1055779179964702  -1001.9205933
    1258.9941768500020771  -1015.2972412
    1262.8827757820074567  -1028.8222656
    1266.7713747139796396  -1042.4965820
    1270.6599736459847918  -1056.3221436
    1274.5485725779569748  -1070.2995605
    1278.4371715099957783  -1084.4278564
    1282.3257704420013852  -1098.7141113
    1286.2143693739731134  -1113.1595459
    1290.1029683059787203  -1127.7604980
    1293.9915672379840998  -1142.5184326
    1297.8801661699562828  -1157.4356689
    1301.7687651019948589  -1172.5134277
    1305.6573640340002385  -1187.7537842
    1309.5459629659724214  -1203.1571045
    1313.4345618979780284  -1218.7257080
    1317.3231608299831805  -1234.4617920
    1321.2117597619553635  -1250.3656006
    1325.1003586939607430  -1266.4180908
    1328.9889576259993191  -1282.6309814
    1332.8775565579715021  -1299.0478516
    1336.7661554899768817  -1315.6406250
    1340.6547544219490646  -1332.4082031
    1344.5433533539544442  -1349.3527832
    1348.4319522859598237  -1366.4763184
    1352.3205512179652033  -1383.7794189
    1356.2091501499708102  -1401.2637939
    1360.0977490819759623  -1418.9323730
    1363.9863480139481453  -1436.7860107
    1367.8749469459537522  -1454.8240967
    1371.7635458779257078  -1473.0507812
    1375.6521448099642839  -1491.4667969
    1379.5407437419698908  -1510.0737305
    1383.4293426739420738  -1528.8721924
    1387.3179416059474534  -1547.8659668
    1391.2065405379526055  -1567.0544434
    1395.0951394699247885  -1586.4399414
    1398.9837384019303954  -1606.0245361
    1402.8723373339689715  -1625.8096924
    1406.7609362659409271  -1645.7976074
    1410.6495351979465340  -1665.9884033
    1414.5381341299519136  -1686.3847656
    1418.4267330619240965  -1706.9873047
    1422.3153319939292487  -1727.7993164
    1426.2039309259680522  -1748.8215332
    1430.0925298579402352  -1770.0552979
    1433.9811287899458421  -1791.5032959
    1437.8697277219175703  -1813.1667480
    1441.7583266539231772  -1835.0468750
    1445.6469255859285568  -1857.1464844
    1449.5355245179341637  -1879.4669189
    1453.4241234499393158  -1902.0100098
    1457.3127223819446954  -1924.7769775
    1461.2013213139168784  -1947.7689209
    1465.0899202459222579  -1970.9896240
    1468.9785191778944409  -1994.4409180
    1472.8671181098998204  -2018.1219482
    1476.7557170419386239  -2042.0363770
    1480.6443159739437760  -2066.1860352
    1484.5329149059159590  -2090.5725098
    1488.4215138379213386  -2115.1977539
    1492.3101127698935215  -2140.0629883
    1496.1987117018989011  -2165.1713867
    1500.0873106339377046  -2190.5236816
    1503.9759095659096602  -2216.1223145
    1507.8645084979152671  -2241.9689941
    1511.7531074299204192  -2268.0651855
    1515.6417063618926022  -2294.4116211
    1519.5303052938982091  -2321.0131836
    1523.4189042258701647  -2347.8757324
    1527.3075031579087408  -2374.9936523
    1531.1961020899143477  -2402.3686523
    1535.0847010218865307  -2430.0056152
    1538.9732999538919103  -2457.9069824
    1542.8618988858970624  -2486.0742188
    1546.7504978178692454  -2514.5092773
    1550.6390967499080489  -2543.2141113
    1554.5276956819134284  -2572.1911621
    1558.4162946138853840  -2601.4401855
    1562.3048935458909909  -2630.9687500
    1566.1934924778631739  -2660.7724609
    1570.0820914098685535  -2690.8574219
    1573.9706903419071296  -2721.2243652
    1577.8592892739125091  -2751.8754883
    1581.7478882058846921  -2782.8222656
    1585.6364871378898442  -2814.0666504
    1589.5250860698620272  -2845.5568848
    1593.4136850018676341  -2877.3652344
    1597.3022839338398171  -2909.4694824
    1601.1908828658783932  -2941.8718262
    1605.0794817978837727  -2974.5734863
    1608.9680807298891523  -3007.5769043
    1612.8566796618613353  -3040.8828125
    1616.7452785938667148  -3074.4953613
    1620.6338775258388978  -3108.4208984
    1624.5224764578774739  -3142.6545410
    1628.4110753898830808  -3177.1928711
    1632.2996743218550364  -3212.0529785
    1636.1882732538604159  -3247.2299805
    1640.0768721858657955  -3282.7272949
    1643.9654711178379785  -3318.5451660
    1647.8540700498765545  -3354.6875000
    1651.7426689818819341  -3391.1577148
    1655.6312679138541171  -3427.9555664
    1659.5198668458597240  -3465.0854492
    1663.4084657778316796  -3502.5493164
    1667.2970647098370591  -3540.3498535
    1671.1856636418424387  -3578.4887695
    1675.0742625738812421  -3616.9677734
    1678.9628615058531977  -3655.7912598
    1682.8514604378588047  -3694.9589844
    1686.7400593698309876  -3734.4750977
    1690.6286583018363672  -3774.3427734
    1694.5172572338415193  -3814.5639648
    1698.4058561658471262  -3855.1408691
    1702.2944550978525058  -3896.0754395
    1706.1830540298576580  -3937.3708496
    1710.0716529618298409  -3979.0295410
    1713.9602518938354478  -4021.0541992
    1717.8488508258076308  -4063.4475098
    1721.7374497578130104  -4106.2119141
    1725.6260486898515865  -4149.3491211
    1729.5146476218237694  -4192.8632812
    1733.4032465538291490  -4236.7558594
    1737.2918454858343011  -4281.0297852
    1741.1804444178064841  -4325.6879883
    1745.0690433498120910  -4370.7324219
    1748.9576422818508945  -4416.1669922
    1752.8462412138228501  -4461.9936523
    1756.7348401458282297  -4508.2143555
    1760.6234390778004126  -4554.8330078
    1764.5120380098057922  -4601.8510742
    1768.4006369418111717  -4649.2724609
    1772.2892358738497478  -4697.1000977
    1776.1778348058219308  -4745.3349609
    1780.0664337378275377  -4793.9809570
    1783.9550326697994933  -4843.0424805
    1787.8436316018048728  -4892.5195312
    1791.7322305338102524  -4942.4179688
    1795.6208294657824354  -4992.7373047
    1799.5094283978210115  -5043.4814453
    1803.3980273298263910  -5094.6552734
    1807.2866262617985740  -5146.2607422
    1811.1752251938041809  -5198.2983398
    1815.0638241257761365  -5250.7739258
    1818.9524230577815160  -5303.6889648
    1822.8410219898203195  -5357.0463867
    1826.7296209217925025  -5410.8505859
    1830.6182198537976547  -5465.1030273
    1834.5068187858032616  -5519.8066406
    1838.3954177177752172  -5574.9643555
    1842.2840166497808241  -5630.5800781
    1846.1726155817527797  -5686.6518555
    1850.0612145137915832  -5743.1357422
    1853.9498134457969627  -5800.2011719
    1857.8384123777689183  -5857.6826172
    1861.7270113097742978  -5915.6323242
    1865.6156102417799048  -5974.0585938
    1869.5042091737520877  -6032.9638672
    1873.3928081057904365  -6092.3510742
    1877.2814070377960434  -6152.2246094
    1881.1700059697682264  -6212.5859375
    1885.0586049017736059  -6273.4409180
    1888.9472038337787581  -6334.7875977
    1892.8358027657509410  -6396.6337891
    1896.7244016977897445  -6458.9819336
    1900.6130006297953514  -6521.8349609
    1904.5015995617670796  -6585.1943359
    1908.3901984937726866  -6649.0664062
    1912.2787974257448695  -6713.4521484
    1916.1673963577502491  -6778.3559570
    1920.0559952897556286  -6843.7802734
    1923.9445942217610082  -6909.7299805
    1927.8331931537663877  -6976.2070312
    1931.7217920857719946  -7043.2148438
    1935.6103910177439502  -7110.7578125
    1939.4989899497493298  -7178.8378906
    1943.3875888817215127  -7247.4599609
    1947.2761878137603162  -7316.6269531
    1951.1647867457654684  -7386.3413086
    1955.0533856777708479  -7456.6079102
    1958.9419846097430309  -7527.4282227
    1962.8305835417486378  -7598.8085938
    1966.7191824737205934  -7670.7504883
    1970.6077814057591695  -7743.2563477
    1974.4963803377647764  -7816.3325195
    1978.3849792697367320  -7889.9804688
    1982.2735782017421116  -7964.2041016
    1986.1621771337477185  -8039.0063477
    1990.0507760657196741  -8114.3916016
    1993.9393749977250536  -8190.3652344
    1997.8279739297638571  -8266.9326172
    2001.7165728617360401  -8344.0878906
    2005.6051717937414196  -8421.8349609
    2009.4937707257133752  -8500.1875000
    2013.3823696577187548  -8579.1494141
    2017.2709685897243617  -8658.7216797
    2021.1595675217297412  -8738.9082031
    2025.0481664537348934  -8819.7128906
    2028.9367653857405003  -8901.1386719
    2032.8253643177126833  -8983.1894531
    2036.7139632497180628  -9065.8691406
    2040.6025621816900184  -9149.1347656
    2044.4911611136953979  -9223.7265625
