Scan:      6            M31-E 2020-07-24 +13 26 36.5
          RADIO                  Ta    
        km/s-LSR                 I
   -1342.0613372603577318    -53.4899216
   -1338.3535578392081788    -52.0439644
   -1334.6457784181252464    -50.3091660
   -1330.9379989969759208    -48.6267357
   -1327.2302195758927610    -46.9891777
   -1323.5224401548098285    -45.3862953
   -1319.8146607336602756    -43.8284569
   -1316.1068813125771158    -42.3173561
   -1312.3991018914275628    -40.8496475
   -1308.6913224703446303    -39.4218674
   -1304.9835430491950774    -38.0335007
   -1301.2757636281119176    -36.6838837
   -1297.5679842069623646    -35.3731918
   -1293.8602047858794322    -34.1015892
   -1290.1524253647298792    -32.8683777
   -1286.4446459435800989    -31.6735439
   -1282.7368665224971664    -30.5171356
   -1279.0290871013478409    -29.3975697
   -1275.3213076802649084    -28.3143387
   -1271.6135282591151281    -27.2665462
   -1267.9057488380321956    -26.2516861
   -1264.1979694169492632    -25.2691917
   -1260.4901899957997102    -24.3192883
   -1256.7824105747165504    -23.4000854
   -1253.0746311535669975    -22.5110455
   -1249.3668517324840650    -21.6502457
   -1245.6590723113342847    -20.8175850
   -1241.9512928902513522    -20.0127373
   -1238.2435134691684198    -19.2340450
   -1234.5357340480188668    -18.4811974
   -1230.8279546269357070    -17.7534428
   -1227.1201752057861540    -17.0501022
   -1223.4123957847032216    -16.3701954
   -1219.7046163635538960    -15.7136679
   -1215.9968369424041157    -15.0808392
   -1212.2890575213211832    -14.5237017
   -1208.5812781001716303    -14.0703926
   -1204.8734986790886978    -13.4717684
   -1201.1657192579389175    -12.8647642
   -1197.4579398368559850    -12.3104553
   -1193.7501604157064321    -11.8719387
   -1190.0423809946234996    -11.4303780
   -1186.3346015734737193    -10.8460073
   -1182.6268221523907869    -10.3006353
   -1178.9190427313078544     -9.8316984
   -1175.2112633101580741     -9.4033232
   -1171.5034838890751416     -8.9922600
   -1167.7957044679258161     -8.5961256
   -1164.0879250468428836     -8.2130871
   -1160.3801456256931033     -7.8454337
   -1156.6723662046101708     -7.4915657
   -1152.9645867834606179     -7.1531186
   -1149.2568073623776854     -6.8243475
   -1145.5490279412279051     -6.5089107
   -1141.8412485201449726     -6.2070689
   -1138.1334690989954197     -5.9161677
   -1134.4256896779124872     -5.6371255
   -1130.7179102567627069     -5.3686299
   -1127.0101308356797745     -5.1113362
   -1123.3023514145302215     -4.8641510
   -1119.5945719934470617     -4.6268091
   -1115.8867925722975087     -4.3996234
   -1112.1790131512148037     -4.1822262
   -1108.4712337300652507     -3.9727690
   -1104.7634543089820909     -3.7727311
   -1101.0556748878325379     -3.5805979
   -1097.3478954667496055     -3.3970802
   -1093.6401160456666730     -3.2214220
   -1089.9323366245168927     -3.0538476
   -1086.2245572034339602     -2.8931668
   -1082.5167777822844073     -2.7385991
   -1078.8089983612014748     -2.5922806
   -1075.1012189400516945     -2.4516361
   -1071.3934395189687621     -2.3174219
   -1067.6856600978192091     -2.1902444
   -1063.9778806767360493     -2.0686345
   -1060.2701012555864963     -1.9518150
   -1056.5623218344371708     -1.8413099
   -1052.8545424133542383     -1.7354256
   -1049.1467629922046854     -1.6346800
   -1045.4389835711215255     -1.5392244
   -1041.7312041500385931     -1.4485732
   -1038.0234247288888128     -1.3618569
   -1034.3156453078058803     -1.2789314
   -1030.6078658866563273     -1.2008717
   -1026.9000864655733949     -1.1268901
   -1023.1923070444237283     -1.0566595
   -1019.4845276233407958     -0.9905125
   -1015.7767482021912429     -0.9281771
   -1012.0689687811083104     -0.8676523
   -1008.3611893600252642     -0.8104408
   -1004.6534099388757113     -0.7565103
   -1000.9456305177926652     -0.7053196
    -997.2378510966429985     -0.6576901
    -993.5300716755600661     -0.6127521
    -989.8222922544103994     -0.5701122
    -986.1145128332609602     -0.5296285
    -982.4067334121779140     -0.4919820
    -978.6989539910283611     -0.4566447
    -974.9911745699453149     -0.4234874
    -971.2833951487957620     -0.3912027
    -967.5756157277127159     -0.3621460
    -963.8678363065632766     -0.3339438
    -960.1600568854802304     -0.3085015
    -956.4522774643972980     -0.2856266
    -952.7444980432476314     -0.2627300
    -949.0367186221646989     -0.2408820
    -945.3289392010150323     -0.2205870
    -941.6211597799319861     -0.2018985
    -937.9133803587824332     -0.1849283
    -934.2056009376993870     -0.1689743
    -930.4978215165499478     -0.1540076
    -926.7900420954669016     -0.1406176
    -923.0822626743173487     -0.1280197
    -919.3744832532343025     -0.1163932
    -915.6667038320847496     -0.1055120
    -911.9589244110017034     -0.0946323
    -908.2511449898522642     -0.0848907
    -904.5433655687692180     -0.0765032
    -900.8355861476196651     -0.0687102
    -897.1278067265366190     -0.0617538
    -893.4200273053870660     -0.0548336
    -889.7122478843040199     -0.0487653
    -886.0044684631544669     -0.0434559
    -882.2966890420714208     -0.0383753
    -878.5889096209219815     -0.0344794
    -874.8811301998389354     -0.0298206
    -871.1733507787558892     -0.0261125
    -867.4655713576063363     -0.0228873
    -863.7577919365232901     -0.0195908
    -860.0500125153737372     -0.0166788
    -856.3422330942906910     -0.0144099
    -852.6344536731411381     -0.0120972
    -848.9266742520580920     -0.0108958
    -845.2188948309086527     -0.0088939
    -841.5111154098256065     -0.0072036
    -837.8033359886760536     -0.0058774
    -834.0955565675930075     -0.0049255
    -830.3877771464434545     -0.0042000
    -826.6799977252939016     -0.0037418
    -822.9722183042109691     -0.0027491
    -819.2644388830613025     -0.0023476
    -815.5566594619783700     -0.0024875
    -811.8488800408953239     -0.0016261
    -808.1411006197457709     -0.0010816
    -804.4333211986627248     -0.0004295
    -800.7255417775131718     -0.0007700
    -797.0177623564301257     -0.0005080
    -793.3099829352805727      0.0002623
    -789.6022035141976403     -0.0002320
    -785.8944240931145941     -0.0000437
    -782.1866446719650412      0.0005797
    -778.4788652508819951      0.0002922
    -774.7710858297324421      0.0001692
    -771.0633064086493960     -0.0002956
    -767.3555269874999567      0.0003472
    -763.6477475664169106     -0.0003813
    -759.9399681452673576     -0.0001583
    -756.2321887241176910     -0.0001713
    -752.5244093030347585      0.0001908
    -748.8166298818850919     -0.0000195
    -745.1088504608021594     -0.0002186
    -741.4010710396526065     -0.0003903
    -737.6932916185695603     -0.0005029
    -733.9855121974200074      0.0001355
    -730.2777327763369613     -0.0002878
    -726.5699533552540288     -0.0000909
    -722.8621739341043622     -0.0006456
    -719.1543945130214297     -0.0002682
    -715.4466150918717631     -0.0001004
    -711.7388356707889443     -0.0004226
    -708.0310562496392777      0.0004978
    -704.3232768285563452     -0.0001781
    -700.6154974074732991      0.0000331
    -696.9077179863237461      0.0000265
    -693.1999385651740795      0.0004415
    -689.4921591440911470      0.0006731
    -685.7843797229415941      0.0004855
    -682.0766003018585479      0.0003550
    -678.3688208807089950      0.0004584
    -674.6610414596259488      0.0004670
    -670.9532620384763959      0.0004676
    -667.2454826173933498      0.0007017
    -663.5377031962437968      0.0004908
    -659.8299237751607507     -0.0003298
    -656.1221443540113114     -0.0003611
    -652.4143649329282653      0.0002265
    -648.7065855117787123      0.0004468
    -644.9988060906956662     -0.0000918
    -641.2910266696127337     -0.0000390
    -637.5832472484630671     -0.0000278
    -633.8754678273801346      0.0002545
    -630.1676884062305817      0.0001881
    -626.4599089851476492     -0.0002871
    -622.7521295639979826     -0.0007609
    -619.0443501429149364     -0.0003895
    -615.3365707217653835     -0.0003415
    -611.6287913006823374      0.0005234
    -607.9210118795327844      0.0000063
    -604.2132324584497383     -0.0000923
    -600.5054530373002990     -0.0002905
    -596.7976736161506324     -0.0000099
    -593.0898941950676999     -0.0002458
    -589.3821147739180333     -0.0009262
    -585.6743353528351008     -0.0009984
    -581.9665559317520547     -0.0008310
    -578.2587765106026154     -0.0008385
    -574.5509970895195693     -0.0005434
    -570.8432176683700163      0.0001341
    -567.1354382472869702     -0.0003085
    -563.4276588261374172     -0.0004469
    -559.7198794050543711     -0.0002447
    -556.0120999839713249      0.0001697
    -552.3043205628217720      0.0004427
    -548.5965411417387259      0.0005112
    -544.8887617205892866      0.0001894
    -541.1809822995062405      0.0001055
    -537.4732028783566875      0.0003077
    -533.7654234572070209      0.0003213
    -530.0576440361240884      0.0001857
    -526.3498646149744218      0.0001249
    -522.6420851938914893      0.0002412
    -518.9343057727419364      0.0002349
    -515.2265263516588902      0.0001098
    -511.5187469305093941      0.0001409
    -507.8109675094263480      0.0003484
    -504.1031880882768519      0.0003284
    -500.3954086671938057      0.0006611
    -496.6876292461108164      0.0004954
    -492.9798498249612067     -0.0001684
    -489.2720704038782173      0.0004192
    -485.5642909827286644      0.0004282
    -481.8565115616456751      0.0004781
    -478.1487321404960653      0.0003641
    -474.4409527194130760     -0.0003669
    -470.7331732983300299     -0.0002769
    -467.0253938771805338      0.0001814
    -463.3176144560309240      0.0002293
    -459.6098350349479347      0.0001414
    -455.9020556137983817      0.0003181
    -452.1942761927153356      0.0003762
    -448.4864967715658395     -0.0000335
    -444.7787173504827933      0.0001278
    -441.0709379293331835     -0.0002199
    -437.3631585082501942     -0.0004069
    -433.6553790871006413      0.0000045
    -429.9475996660176520     -0.0000240
    -426.2398202448680422     -0.0003275
    -422.5320408237850529     -0.0000438
    -418.8242614026355000     -0.0007006
    -415.1164819815525107     -0.0004345
    -411.4087025604695214     -0.0003561
    -407.7009231393199116     -0.0003001
    -403.9931437182369223      0.0001043
    -400.2853642970873693     -0.0004286
    -396.5775848760043232     -0.0007642
    -392.8698054548547702     -0.0001890
    -389.1620260337717241     -0.0003807
    -385.4542466126221711      0.0001811
    -381.7464671915391818     -0.0001777
    -378.0386877703896289     -0.0003906
    -374.3309083493066396     -0.0001840
    -370.6231289281570298     -0.0000454
    -366.9153495070074769      0.0002518
    -363.2075700859244876      0.0001469
    -359.4997906647748778     -0.0001435
    -355.7920112436918885     -0.0003286
    -352.0842318226088992      0.0000511
    -348.3764524014593462      0.0000794
    -344.6686729803763569      0.0004791
    -340.9608935592267471     -0.0001607
    -337.2531141381437578     -0.0000926
    -333.5453347169942049      0.0002525
    -329.8375552959112156      0.0000205
    -326.1297758748281694     -0.0001764
    -322.4219964536785596      0.0003067
    -318.7142170325955703      0.0004610
    -315.0064376114460174      0.0002419
    -311.2986581903630281      0.0001669
    -307.5908787692134752      0.0005654
    -303.8830993480638654      0.0003446
    -300.1753199269808761      0.0005268
    -296.4675405058313231     -0.0000979
    -292.7597610847483338      0.0002889
    -289.0519816635987240      0.0009257
    -285.3442022425157347      0.0003595
    -281.6364228213661818      0.0000977
    -277.9286434002831925     -0.0001046
    -274.2208639791335827     -0.0000674
    -270.5130845580505934     -0.0000074
    -266.8053051369675472     -0.0002224
    -263.0975257158180511     -0.0009616
    -259.3897462947350050     -0.0006997
    -255.6819668735854520     -0.0002231
    -251.9741874525024343     -0.0008310
    -248.2664080313528814     -0.0002837
    -244.5586286102698637     -0.0001465
    -240.8508491891868744     -0.0000224
    -237.1430697680372930      0.0002336
    -233.4352903468877116      0.0003169
    -229.7275109258047223      0.0002437
    -226.0197315046551410      0.0001051
    -222.3119520835721517     -0.0002044
    -218.6041726624225987      0.0001431
    -214.8963932413395810      0.0000476
    -211.1886138201900280     -0.0003726
    -207.4808343991070103      0.0007837
    -203.7730549779574574      0.0021395
    -200.0652755568744396      0.0032963
    -196.3574961357248583      0.0044244
    -192.6497167146418690      0.0045585
    -188.9419372934922876      0.0048868
    -185.2341578724092983      0.0054601
    -181.5263784513262806      0.0066412
    -177.8185990301766992      0.0087930
    -174.1108196090937099      0.0101436
    -170.4030401879441285      0.0119756
    -166.6952607668611392      0.0139664
    -162.9874813457115579      0.0161912
    -159.2797019246285686      0.0187105
    -155.5719225034789872      0.0215462
    -151.8641430823959695      0.0247136
    -148.1563636612464450      0.0282474
    -144.4485842401634272      0.0327190
    -140.7408048190138459      0.0374514
    -137.0330253978642929      0.0427349
    -133.3252459767812752      0.0480340
    -129.6174665556982575      0.0543609
    -125.9096871345487045      0.0610798
    -122.2019077134657010      0.0681924
    -118.4941282923161339      0.0757799
    -114.7863488712331304      0.0844409
    -111.0785694500835490      0.0938545
    -107.3707900290005455      0.1039630
    -103.6630106078509783      0.1150975
     -99.9552311867679748      0.1264908
     -96.2474517656849855      0.1397375
     -92.5396723445354041      0.1535867
     -88.8318929234524006      0.1679559
     -85.1241135023028335      0.1838972
     -81.4163340812198300      0.2008663
     -77.7085546600702486      0.2194651
     -74.0007752389206814      0.2390155
     -70.2929958178376779      0.2603708
     -66.5852163966881250      0.2830388
     -62.8774369756051072      0.3067289
     -59.1696575544555401      0.3321809
     -55.4618781333725437      0.3600602
     -51.7540987122229694      0.3890323
     -48.0463192911399659      0.4196392
     -44.3385398700569624      0.4530562
     -40.6307604489073952      0.4884857
     -36.9229810278243917      0.5257301
     -33.2152016066748175      0.5651124
     -29.5074221855918140      0.6069451
     -25.7996427644422432      0.6518998
     -22.0918633433592433      0.6993179
     -18.3840839222096726      0.7490968
     -14.6763045011266691      0.8018066
     -10.9685250800436656      0.8575166
      -7.2607456588940957      0.9162275
      -3.5529662377445255      0.9786913
       0.1548131833717611      1.0440987
       3.8625926044547643      1.1134152
       7.5703720256043345      1.1863866
      11.2781514466873372      1.2624828
      14.9859308678036225      1.3435695
      18.6937102889199132      1.4277722
      22.4014897100361949      1.5175611
      26.1092691311524838      1.6111176
      29.8170485522687692      1.7104864
      33.5248279734183399      1.8137851
      37.2326073945013434      1.9229280
      40.9403868155843469      2.0362699
      44.6481662367339140      2.1557999
      48.3559456578169176      2.2813334
      52.0637250789664918      2.4125240
      55.7715045000827772      2.5501187
      59.4792839211990625      2.6942065
      63.1870633423153478      2.8452656
      66.8948427634316261      3.0022247
      70.6026221845479256      3.1659942
      74.3104016056309291      3.3383024
      78.0181810267804963      3.5181713
      81.7259604478634998      3.7053392
      85.4337398690130669      3.9011912
      89.1415192900960704      4.1055522
      92.8492987112456518      4.3181214
      96.5570781323619372      4.5418310
     100.2648575534449407      4.7736940
     103.9726369745944936      5.0151806
     107.6804163956774971      5.2666817
     111.3881958168270785      5.5295339
     115.0959752379100820      5.8023677
     118.8037546590596492      6.0863309
     122.5115340801426527      6.3818288
     126.2193135012589380      6.6895499
     129.9270929223752375      7.0103216
     133.6348723434915087      7.3430252
     137.3426517646078082      7.6887145
     141.0504311857241078      8.0475683
     144.7582106068736607      8.4206762
     148.4659900279566784      8.8080730
     152.1737694491062314      9.2102709
     155.8815488701892207      9.6277761
     159.5893282912722384     10.0609779
     163.2971077124217913     10.5104046
     167.0048871335380909     10.9769506
     170.7126665546543620     11.4604254
     174.4204459757706900     11.9621496
     178.1282253968869611     12.4822235
     181.8360048180032322     13.0209017
     185.5437842390862215     13.5784473
     189.2515636602358029     14.1568413
     192.9593430813187922     14.7554741
     196.6671225024683736     15.3748312
     200.3749019235513913     16.0162411
     204.0826813447009442     16.6804199
     207.7904607657839620     17.3673134
     211.4982401869335433     18.0774479
     215.2060196080498145     18.8123684
     218.9137990291328038     19.5721321
     222.6215784502823851     20.3576260
     226.3293578713653744     21.1701488
     230.0371372925149558     22.0090141
     233.7449167135979735     22.8758869
     237.4526961347475265     23.7712269
     241.1604755558305442     24.6959190
     244.8682549769468437     25.6513653
     248.5760343980631148     26.6376209
     252.2838138191793860     27.6554661
     255.9915932402956855     28.7059212
     259.6993726614119851     29.7901306
     263.4071520825615949     30.9087257
     267.1149315036445842     32.0624886
     270.8227109247275735     33.2519150
     274.5304903458771264     34.4788361
     278.2382697669601157     35.7439728
     281.9460491881096686     37.0475731
     285.6538286092259682     38.3909340
     289.3616080303422677     39.7752991
     293.0693874514585673     41.2026024
     296.7771668725748100     42.6717262
     300.4849462936911095     44.1857147
     304.1927257147740988     45.7446518
     307.9005051359237086     47.3495407
     311.6082845570067548     49.0018082
     315.3160639781562509     50.7025566
     319.0238433992392970     52.4533539
     322.7316228203888500     54.2550659
     326.4394022415051495     56.1081429
     330.1471816625881388     58.0151215
     333.8549610837377486     59.9765320
     337.5627405048207379     61.9937782
     341.2705199259702908     64.0681839
     344.9782993470532801     66.2009048
     348.6860787682028331     68.3931656
     352.3938581892858224     70.6468353
     356.1016376104021219     72.9628296
     359.8094170315184215     75.3431549
     363.5171964526347210     77.7887726
     367.2249758737509637     80.3010788
     370.9327552948672633     82.8822784
     374.6405347160168731     85.5330811
     378.3483141370998624     88.2557297
     382.0560935582494153     91.0517044
     385.7638729793324615     93.9215775
     389.4716524004154508     96.8677597
     393.1794318215650037     99.8924103
     396.8872112426813032    102.9967575
     400.5949906637976028    106.1827011
     404.3027700849139023    109.4508057
     408.0105495060301450    112.8046112
     411.7183289271464446    116.2446671
     415.4261083482294339    119.7739334
     419.1338877693789868    123.3933182
     422.8416671904619761    127.1052017
     426.5494466116115859    130.9113464
     430.2572260326945752    134.8127747
     433.9650054538441282    138.8136597
     437.6727848749271743    142.9145966
     441.3805642960434739    147.1180573
     445.0883437171929700    151.4255981
     448.7961231382760730    155.8401184
     452.5039025594256259    160.3643188
     456.2116819805086152    164.9994659
     459.9194614016581681    169.7460938
     463.6272408227411574    174.6080322
     467.3350202438907672    179.5888062
     471.0427996649737565    184.6887512
     474.7505790860900561    189.9123688
     478.4583585072062988    195.2601624
     482.1661379283225983    200.7351074
     485.8739173494388979    206.3396759
     489.5816967705551406    212.0784149
     493.2894761917047504    217.9525299
     496.9972556127877397    223.9637299
     500.7050350338707858    230.1145172
     504.4128144550202819    236.4086304
     508.1205938761033281    242.8481598
     511.8283732972529378    249.4493103
     515.5361527183691805    256.2069702
     519.2439321394855369    263.0702820
     522.9517115606017796    270.1189880
     526.6594909816847121    277.3290405
     530.3672704028342650    284.7030945
     534.0750498239173112    292.2429504
     537.7828292450668641    299.9520874
     541.4906086661499103    307.8325500
     545.1983880872995769    315.8884888
     548.9061675083825094    324.1250305
     552.6139469295320623    332.5549927
     556.3217263506483050    341.1435547
     560.0295057717313512    349.9327087
     563.7372851928809041    358.9146423
     567.4450646139639503    368.0937195
     571.1528440351135032    377.4710083
     574.8606234561965493    387.0488281
     578.5684028773459886    396.8344116
     582.2761822984290347    406.8293762
     585.9839617195452774    417.0370789
     589.6917411406616338    427.4624939
     593.3995205617778765    438.1089783
     597.1072999828942329    448.9806519
     600.8150794040104756    460.0809326
     604.5228588251600286    471.4132385
     608.2306382462430747    482.9830933
     611.9384176673260072    494.7930908
     615.6461970884756738    506.8475647
     619.3539765095586063    519.1517944
     623.0617559307082729    531.7095337
     626.7695353518245156    544.5247192
     630.4773147729408720    557.6020508
     634.1850941940570010    570.9453125
     637.8928736151733574    584.5605469
     641.6006530362896001    598.4505005
     645.3084324573726462    612.6201782
     649.0162118785221992    627.0753174
     652.7239912996052453    641.8198242
     656.4317707207547983    656.8579102
     660.1395501418378444    672.1959839
     663.8473295629872837    687.8373413
     667.5551089840703298    703.7882690
     671.2628884051866862    720.0530396
     674.9706678263362392    736.6363525
     678.6784472474192853    753.5441895
     682.3862266685688382    770.7819214
     686.0940060896518844    788.3540649
     689.8017855108013237    806.2667236
     693.5095649318843698    824.5238037
     697.2173443530006125    843.1325684
     700.9251237741169689    862.0988159
     704.6329031952332116    881.4263306
     708.3406826163495680    901.1221313
     712.0484620374658107    921.1920776
     715.7562414585820534    941.6415405
     719.4640208796982961    962.4763794
     723.1718003008479627    983.7034912
     726.8795797219308952   1005.3272095
     730.5873591430139413   1027.3555908
     734.2951385641636080   1049.7943115
     738.0029179852798507   1072.6497803
     741.7106974063962070   1095.9267578
     745.4184768275123361   1119.6335449
     749.1262562486286924   1143.7755127
     752.8340356697449351   1168.3601074
     756.5418150908279813   1193.3941650
     760.2495945119775342   1218.8842773
     763.9573739330605804   1244.8369141
     767.6651533542101333   1271.2583008
     771.3729327752931795   1298.1573486
     775.0807121964426187   1325.5396729
     778.7884916175256649   1353.4113770
     782.4962710386419076   1381.7838135
     786.2040504597915742   1410.6624756
     789.9118298808745067   1440.0531006
     793.6196093020241733   1469.9643555
     797.3273887231072194   1500.4034424
     801.0351681442566587   1531.3789062
     804.7429475653397049   1562.8980713
     808.4507269864892578   1594.9685059
     812.1585064075723039   1627.5997314
     815.8662858286885466   1660.7969971
     819.5740652498049030   1694.5697021
     823.2818446709211457   1728.9274902
     826.9896240920373884   1763.8775635
     830.6974035131536311   1799.4287109
     834.4051829343032978   1835.5886230
     838.1129623553862302   1872.3673096
     841.8207417764692764   1909.7727051
     845.5285211976188293   1947.8137207
     849.2363006187018755   1986.4979248
     852.9440800398513147   2025.8359375
     856.6518594609676711   2065.8383789
     860.3596388820839138   2106.5131836
     864.0674183032002702   2147.8693848
     867.7751977242833163   2189.9150391
     871.4829771454328693   2232.6621094
     875.1907565665159154   2276.1179199
     878.8985359876653547   2320.2937012
     882.6063154087485145   2365.1992188
     886.3140948298979538   2410.8439941
     890.0218742509809999   2457.2380371
     893.7296536721305529   2504.3923340
     897.4374330932135990   2552.3161621
     901.1452125143298417   2601.0197754
     904.8529919354795084   2650.5156250
     908.5607713565624408   2700.8117676
     912.2685507777119938   2751.9204102
     915.9763301987949262   2803.8518066
     919.6841096199445929   2856.6169434
     923.3918890410276390   2910.2270508
     927.0996684621438817   2964.6960449
     930.8074478832602381   3020.0305176
     934.5152273043764808   3076.2404785
     938.2230067254927235   3133.3420410
     941.9307861466089662   3191.3479004
     945.6385655677253226   3250.2690430
     949.3463449888415653   3310.1169434
     953.0541244099246114   3370.9033203
     956.7619038310741644   3432.6413574
     960.4696832521572105   3495.3422852
     964.1774626733066498   3559.0185547
     967.8852420944230062   3623.6826172
     971.5930215155392489   3689.3486328
     975.3008009366556053   3756.0583496
     979.0085803577718480   3823.7836914
     982.7163597788882043   3892.5268555
     986.4241391999712505   3962.3220215
     990.1319186211206897   4033.1840820
     993.8396980422037359   4105.1250000
     997.5474774633532888   4178.1586914
    1001.2552568844363350   4252.2998047
    1004.9630363055858879   4327.5615234
    1008.6708157266689341   4403.9570312
    1012.3785951477851768   4481.5004883
    1016.0863745689347297   4560.2089844
    1019.7941539900176622   4640.0942383
    1023.5019334111673288   4721.1713867
    1027.2097128322502613   4803.4555664
    1030.9174922533998142   4886.9614258
    1034.6252716744827467   4971.7045898
    1038.3330510955991031   5057.6987305
    1042.0408305167154595   5144.9609375
    1045.7486099378318158   5233.5058594
    1049.4563893589479449   5323.3486328
    1053.1641687800645286   5414.5053711
    1056.8719482011806576   5506.9916992
    1060.5797276222967866   5600.8251953
    1064.2875070434463396   5696.0205078
    1067.9952864645294994   5792.5952148
    1071.7030658856124319   5890.5644531
    1075.4108453067619848   5989.9458008
    1079.1186247278449173   6090.7568359
    1082.8264041489946976   6193.0126953
    1086.5341835701108266   6296.7319336
    1090.2419629912271830   6401.9321289
    1093.9497424123433120   6508.6293945
    1097.6575218334264719   6616.8422852
    1101.3653012545760248   6726.5878906
    1105.0730806756589573   6837.8857422
    1108.7808600968085102   6950.7529297
    1112.4886395178916700   7065.2089844
    1116.1964189390412230   7181.2695312
    1119.9041983601241554   7298.9550781
    1123.6119777812739358   7418.2871094
    1127.3197572023568682   7539.2802734
    1131.0275366234729972   7661.9560547
    1134.7353160446225502   7786.3334961
    1138.4430954657057100   7912.4321289
    1142.1508748868552630   8040.2714844
    1145.8586543079381954   8169.8715820
    1149.5664337290877484   8301.2529297
    1153.2742131501709082   8434.4345703
    1156.9819925712870372   8569.4384766
    1160.6897719924033936   8706.2851562
    1164.3975514135195226   8844.9960938
    1168.1053308346361064   8985.5917969
    1171.8131102557522354   9128.0869141
    1175.5208896769017883   9272.5097656
    1179.2286690979847208   9418.8837891
    1182.9364485190678806   9567.2285156
    1186.6442279402174336   9717.5644531
    1190.3520073613003660   9869.9150391
    1194.0597867824501463  10024.3027344
    1197.7675662035662754  10180.7490234
    1201.4753456246824044  10339.2763672
    1205.1831250457987608  10499.9101562
    1208.8909044669151172  10662.6718750
    1212.5986838880314735  10827.5830078
    1216.3064633091144060  10994.6718750
    1220.0142427302639589  11163.9589844
    1223.7220221513471188  11335.4687500
    1227.4298015724964444  11509.2255859
    1231.1375809935793768  11685.2451172
    1234.8453604147289298  11863.5498047
    1238.5531398358120896  12044.2216797
    1242.2609192569284460  12227.2158203
    1245.9686986780779989  12412.5791016
    1249.6764780991611588  12600.3388672
    1253.3842575203104843  12790.5205078
    1257.0920369413934168  12983.1503906
    1260.7998163625429697  13178.2548828
    1264.5075957836261296  13375.8623047
    1268.2153752047424859  13575.9941406
    1271.9231546258586150  13778.6728516
    1275.6309340469749714  13983.9501953
    1279.3387134680913277  14191.8281250
    1283.0464928892074568  14402.3408203
    1286.7542723103238131  14615.5185547
    1290.4620517314399422  14831.3867188
    1294.1698311525897225  15049.9765625
    1297.8776105736726549  15271.3134766
    1301.5853899947555874  15495.4277344
    1305.2931694159051403  15722.3486328
    1309.0009488369883002  15952.1035156
    1312.7087282581378531  16184.7226562
    1316.4165076792539821  16420.2363281
    1320.1242871003705659  16658.6738281
    1323.8320665214866949  16900.0644531
    1327.5398459425696274  17144.4414062
    1331.2476253637191803  17391.8320312
    1334.9554047848023401  17642.2695312
    1338.6631842059518931  17895.7832031
    1342.3709636270348255  18152.4042969
    1346.0787430481843785  18412.1660156
    1349.7865224692675383  18675.0996094
    1353.4943018903836673  18941.2382812
    1357.2020813115000237  19210.6132812
    1360.9098607326161527  19483.2558594
    1364.6176401537659331  19759.2011719
    1368.3254195748488655  20038.4804688
    1372.0331989959984185  20321.1269531
    1375.7409784170815783  20607.1796875
    1379.4487578382311312  20896.6660156
    1383.1565372593140637  21189.6230469
    1386.8643166804301927  21486.0839844
    1390.5720961015465491  21786.0859375
    1394.2798755226629055  22089.6621094
    1397.9876549437790345  22396.8496094
    1401.6954343648953909  22707.6816406
    1405.4032137860451712  23022.1953125
    1409.1109932071281037  23340.4277344
    1412.8187726282110361  23662.4140625
    1416.5265520493603617  23988.1914062
    1420.2343314704435215  24317.7968750
    1423.9421108915930745  24651.2675781
    1427.6498903127094309  24988.6425781
    1431.3576697338255599  25329.9570312
    1435.0654491549421437  25675.2519531
    1438.7732285760250761  26024.5625000
    1442.4810079971744017  26377.9296875
    1446.1887874182577889  26735.3945312
    1449.8965668394071145  27096.9941406
    1453.6043462604900469  27462.7656250
    1457.3121256816395999  27832.7539062
    1461.0199051027227597  28206.9960938
    1464.7276845238723126  28585.5351562
    1468.4354639449552451  28968.4082031
    1472.1432433660716015  29355.6621094
    1475.8510227872211544  29747.3320312
    1479.5588022083040869  30143.4648438
    1483.2665816294536398  30544.1015625
    1486.9743610505365723  30949.2832031
    1490.6821404716863526  31359.0527344
    1494.3899198927692851  31773.4570312
    1498.0976993138856415  32192.5683594
    1501.8054787350019978  32616.3613281
    1505.5132581561181269  33044.8867188
    1509.2210375772344833  33478.2539062
    1512.9288169983506123  33916.4726562
    1516.6365964194671960  34359.5859375
    1520.3443758405833250  34807.6445312
    1524.0521552616662575  35260.6914062
    1527.7599346828158104  35718.7734375
    1531.4677141038989703  36181.9375000
    1535.1754935250485232  36650.2265625
    1538.8832729461314557  37123.6914062
    1542.5910523672810086  37602.3789062
    1546.2988317883973650  38086.3398438
    1550.0066112095137214  38575.6132812
    1553.7143906306298504  39070.2578125
    1557.4221700517130103  39570.3164062
    1561.1299494728625632  40075.8437500
    1564.8377288939454957  40586.8828125
    1568.5455083150950486  41103.4843750
    1572.2532877361782084  41625.7031250
    1575.9610671573277614  42153.5859375
    1579.6688465784106938  42687.1875000
    1583.3766259995268229  43226.5546875
    1587.0844054206766032  43771.7421875
    1590.7921848417595356  44322.8007812
    1594.4999642629090886  44879.7851562
    1598.2077436839920210  45442.7500000
    1601.9155231051418014  46011.7382812
    1605.6233025262247338  46586.8164062
    1609.3310819473408628  47168.0312500
    1613.0388613684569918  47755.4375000
    1616.7466407895735756  48349.0937500
    1620.4544202106897046  48949.0507812
    1624.1621996318060610  49555.3671875
    1627.8699790529221900  50168.0976562
    1631.5777584740387738  50787.2968750
    1635.2855378951880994  51413.0273438
    1638.9933173162710318  52045.3398438
    1642.7010967373541916  52684.2968750
    1646.4088761585037446  53329.9492188
    1650.1166555795866770  53982.3632812
    1653.8244350007362300  54641.6015625
    1657.5322144218528138  55307.7148438
    1661.2399938429689428  55980.7578125
    1664.9477732640850718  56660.7968750
    1668.6555526851680042  57347.8906250
    1672.3633321063177846  58042.0976562
    1676.0711115274007170  58743.4843750
    1679.7788909485502700  59452.1093750
    1683.4866703696332024  60168.0312500
    1687.1944497907829827  60891.3203125
    1690.9022292118659152  61620.9726562
    1694.6100086329820442  62219.4609375
